182 205 219 219 219 224 224 224 224 224 227 227 227 227 227 227 227 227 231 231 231 232 232 236 236 236 236 236 236 236 238 238 238 238 227 236 236 236 236 236 236 236 236 236 232 231 231 232 227 227 227 231 227 227 227 227 227 227 227 227 227 227 227 227 224 231 231 231 232 231 231 236 236 231 231 227 227 227 227 227 227 227 227 227 227 224 219 205 201 228 201 195 193 190 193 193 190 190 190 190 190 190 185 190 190 190 190 190 185 185 185 186 185 185 185 186 180 180 180 180 180 180 180 180 180 177 180 180 
182 205 212 212 212 219 219 219 224 224 224 224 224 227 227 227 227 227 227 231 227 231 231 231 231 236 236 236 236 236 236 236 238 238 236 236 236 236 236 236 236 236 231 231 231 231 231 227 227 227 227 227 227 227 227 227 227 227 227 227 227 227 227 227 227 227 231 227 231 231 231 232 236 231 231 227 227 227 227 227 227 227 227 227 227 227 224 219 201 228 195 195 201 193 195 193 195 190 193 193 193 190 190 190 190 190 190 190 185 185 190 185 186 185 186 185 185 185 180 180 180 180 180 180 180 180 180 180 
182 201 201 205 212 212 219 219 219 219 219 219 224 224 224 224 227 227 227 227 227 227 227 227 231 231 232 231 231 236 236 236 236 236 236 236 236 231 231 231 231 231 231 231 231 227 227 227 227 227 227 227 227 227 227 227 227 224 227 227 224 227 227 227 227 227 227 227 227 231 231 231 231 232 231 227 227 224 227 224 227 227 227 227 227 227 224 224 212 228 201 201 193 190 195 195 195 201 195 193 195 190 195 190 190 190 190 185 190 190 185 190 186 190 186 185 185 185 185 185 185 185 180 180 180 185 180 185 
182 193 193 201 205 205 212 212 212 212 219 212 219 219 219 219 224 224 227 224 227 227 227 227 227 231 231 231 231 231 231 231 231 231 231 231 232 231 231 231 231 231 227 227 231 227 227 227 227 227 227 227 227 224 227 227 224 227 227 227 227 227 227 227 227 227 227 227 227 232 232 232 231 232 236 232 231 227 227 227 227 227 227 227 227 224 224 219 219 228 203 201 195 195 195 195 193 201 195 193 193 195 193 195 190 190 190 190 190 190 190 190 190 186 186 190 185 185 185 185 185 185 190 185 185 186 180 185 
182 190 190 193 201 201 205 212 205 212 212 212 212 212 212 219 219 219 224 224 224 227 227 227 227 227 227 227 227 231 227 231 231 227 231 227 231 227 231 227 227 227 227 227 227 227 227 227 227 227 227 227 227 227 227 224 227 227 227 227 227 227 227 227 227 227 227 227 227 232 231 232 232 236 236 232 231 227 227 227 231 227 227 227 227 224 224 219 219 228 205 205 201 201 205 201 195 201 195 201 201 201 193 193 193 190 190 190 190 190 190 190 190 185 190 185 190 186 185 185 186 186 190 190 185 180 185 185 
182 190 190 193 193 201 201 205 205 205 212 205 212 212 212 212 219 219 219 219 224 224 224 224 224 227 227 227 227 227 227 227 227 227 227 227 227 227 227 227 227 227 227 227 227 227 227 227 227 227 227 227 227 227 227 227 227 227 227 227 227 227 227 227 227 227 227 227 232 231 232 232 236 236 232 231 231 231 231 231 227 227 227 227 227 224 219 219 219 228 212 205 201 201 201 205 201 201 201 201 201 195 195 193 193 195 190 193 193 193 190 195 190 190 186 186 190 190 185 185 185 186 186 185 185 185 180 185 
182 190 190 190 193 193 201 205 205 205 201 205 205 212 212 212 212 212 212 219 219 224 224 224 224 224 224 227 227 227 227 227 227 227 227 227 224 227 227 227 227 227 224 224 224 227 227 227 227 227 227 227 227 227 227 227 224 227 227 227 227 227 227 227 227 227 231 232 232 231 231 232 236 236 236 236 232 231 231 227 227 227 227 227 224 224 219 219 219 228 205 205 205 205 201 201 201 201 201 201 201 201 201 195 193 193 195 190 193 193 190 190 190 190 180 177 190 190 190 185 190 185 186 185 185 185 185 185 
182 190 190 190 193 193 201 201 201 201 205 205 205 205 201 205 212 212 212 212 219 219 219 219 224 224 224 224 224 224 224 224 227 224 224 224 224 227 227 224 227 224 224 224 224 224 224 227 227 227 227 227 227 227 227 227 227 227 227 227 227 227 231 232 231 232 231 231 231 232 231 232 231 232 236 231 231 227 227 227 227 224 224 224 224 219 219 219 212 228 203 205 205 205 205 205 201 205 201 201 201 195 201 201 193 193 201 195 195 195 193 193 193 190 190 190 190 190 190 190 190 190 185 190 186 190 185 185 
182 190 193 193 193 193 201 201 205 205 205 201 205 205 205 205 205 212 212 212 212 219 219 219 219 219 219 219 219 224 224 224 224 224 224 224 224 224 224 224 224 224 224 224 224 224 224 224 224 227 227 227 224 227 227 227 227 227 227 227 227 227 232 231 227 231 231 231 232 231 231 231 231 231 231 231 227 227 227 227 224 219 224 224 219 219 212 212 212 228 203 205 212 205 205 205 205 201 205 201 201 201 201 195 193 193 195 195 201 193 193 190 193 190 190 195 190 193 190 190 190 190 190 186 190 185 190 185 
182 190 190 190 193 201 201 201 201 205 201 205 205 205 205 205 212 212 212 212 212 212 219 219 219 219 219 219 219 219 219 219 219 219 219 219 219 224 224 224 224 224 219 224 224 224 224 224 224 224 224 224 224 227 224 227 227 227 227 227 227 227 227 227 227 227 227 227 227 231 231 231 227 227 227 227 224 224 224 224 224 219 219 219 219 212 212 212 212 228 203 205 212 205 205 205 205 205 205 205 205 205 201 201 195 195 201 195 195 201 195 193 195 193 195 190 190 193 190 190 190 190 190 185 190 190 190 190 
182 190 190 195 201 193 201 201 201 205 205 201 205 205 205 205 212 212 212 212 212 212 212 212 219 219 219 219 219 219 219 219 219 219 219 219 219 219 219 219 219 219 219 219 219 219 219 219 219 224 224 224 224 224 224 224 224 224 224 224 224 227 224 227 224 224 224 227 227 227 227 227 224 224 224 224 224 219 219 219 219 219 219 219 219 212 212 212 212 228 203 212 212 205 212 212 205 205 205 205 205 205 205 201 201 201 201 201 195 201 201 195 201 195 193 193 195 195 195 190 201 205 195 195 195 195 195 203 
182 190 190 193 201 201 201 201 201 205 205 205 205 205 205 212 212 212 212 205 212 212 212 212 212 219 212 219 219 219 219 219 219 219 219 219 219 219 219 219 219 219 219 219 219 219 219 219 219 219 219 224 219 224 219 219 224 224 224 224 224 224 224 224 224 224 224 224 224 224 224 224 224 219 219 219 219 219 219 219 219 219 212 219 212 212 212 212 212 228 203 212 212 212 212 205 205 205 205 205 205 205 205 205 205 205 201 201 201 201 205 201 201 201 201 201 203 205 212 216 212 212 212 212 205 212 212 219 
182 190 190 190 193 201 201 201 201 201 205 205 205 205 205 205 212 212 212 212 212 212 212 212 212 219 212 212 219 219 219 212 219 219 219 219 219 219 219 219 219 219 219 219 219 219 219 219 219 219 219 219 219 219 219 219 219 219 219 219 219 224 219 224 219 219 224 219 224 219 219 219 219 219 219 219 219 219 219 219 219 212 212 212 212 212 212 212 212 228 203 212 212 212 212 212 212 212 205 212 205 205 205 205 205 205 205 201 205 205 212 212 212 212 219 212 219 219 224 224 224 224 224 219 219 212 219 219 
182 185 190 174 177 193 201 201 201 205 205 205 205 205 205 212 205 212 205 205 212 212 212 212 212 212 212 212 212 212 219 219 219 219 219 219 219 219 219 219 219 219 219 219 219 219 219 219 219 219 219 219 219 219 219 219 219 219 219 219 219 219 219 219 219 219 219 219 219 219 219 219 219 219 219 219 219 219 219 219 219 219 219 212 212 212 212 212 212 228 203 212 212 212 212 212 212 212 212 212 212 205 205 205 205 205 205 205 212 219 219 212 219 219 224 224 224 224 224 227 227 227 227 227 224 224 224 224 
182 190 193 190 190 201 201 201 201 201 205 205 205 205 205 205 212 212 212 212 212 212 212 212 212 212 212 212 212 219 212 212 219 212 219 219 219 219 219 219 219 219 219 219 219 219 219 219 219 219 219 219 219 219 219 219 219 219 219 219 219 219 219 219 219 219 219 219 219 219 219 219 219 219 219 219 219 219 212 219 212 219 212 212 212 219 219 212 212 228 203 212 212 212 212 212 212 212 212 212 212 212 205 205 205 205 205 212 219 219 219 219 219 224 224 224 224 227 227 227 227 227 227 227 227 227 227 227 
182 190 190 193 201 201 201 201 201 205 205 205 205 205 212 205 212 212 205 212 212 205 212 212 212 212 212 212 212 212 219 219 219 219 219 219 219 219 219 219 219 219 219 219 219 219 219 219 219 219 219 219 219 212 212 219 219 219 219 219 219 219 219 219 219 219 219 219 219 219 219 219 219 219 219 219 219 219 219 219 212 219 219 219 219 219 212 212 219 232 203 219 204 212 212 212 212 212 212 212 212 212 212 212 212 205 212 212 212 212 219 219 219 224 224 224 224 227 227 227 227 227 231 231 231 227 227 227 
182 185 190 193 201 201 201 201 195 201 205 205 205 205 205 212 205 212 205 212 212 212 212 212 212 212 212 219 219 212 219 212 219 219 212 219 219 219 219 219 219 219 219 219 219 219 219 219 219 219 219 219 219 219 219 219 219 219 219 219 219 219 219 212 219 219 219 219 219 219 219 219 219 219 219 219 219 219 219 219 219 219 219 219 219 219 219 219 219 228 212 200 196 215 219 219 212 219 219 219 219 219 212 212 212 212 212 219 219 219 219 219 224 224 224 224 227 227 227 227 227 227 232 231 227 227 227 227 
182 190 190 195 190 201 201 201 201 201 205 205 205 205 205 212 212 205 212 212 212 212 219 212 212 219 219 212 212 212 212 212 212 219 219 219 219 219 219 219 219 219 219 219 219 219 219 219 219 219 219 219 219 219 219 219 219 219 219 219 219 219 219 219 219 219 219 219 219 219 219 219 219 219 219 219 219 219 219 219 219 219 219 219 219 219 219 219 219 232 215 171 209 182 219 219 219 219 219 219 224 219 219 219 219 219 219 219 219 219 219 219 224 224 224 224 227 227 227 231 227 227 227 227 227 224 227 227 
182 190 195 195 193 193 201 205 205 201 201 205 205 205 205 212 212 212 212 212 212 212 212 212 212 219 224 224 219 212 219 219 219 219 219 219 219 219 219 219 219 219 219 219 219 219 219 219 219 212 219 219 219 219 219 219 219 219 219 219 219 219 219 219 219 219 219 219 219 219 219 219 219 219 219 219 219 219 219 219 219 219 219 219 219 219 219 219 219 232 219 173 209 182 219 224 224 224 224 224 224 224 219 224 219 219 219 219 224 224 224 224 224 224 224 227 227 227 227 227 227 227 227 227 227 227 227 227 
182 193 195 190 201 201 201 201 205 205 205 205 205 205 212 212 212 212 212 212 212 212 219 219 219 224 224 224 224 224 224 224 224 224 224 224 219 219 219 219 219 219 219 219 219 219 219 219 219 203 219 219 219 219 219 219 219 219 219 219 219 219 219 219 219 219 219 219 219 219 219 219 219 219 219 219 202 114 202 219 219 219 219 219 219 219 219 219 219 232 215 89 219 182 224 224 224 224 224 224 224 224 224 224 224 224 224 224 224 224 224 224 224 224 224 227 227 227 227 227 227 227 227 227 227 227 227 227 
182 193 193 195 201 201 201 205 205 205 205 205 205 205 205 205 212 212 212 212 212 212 219 224 224 227 227 227 227 227 227 227 232 232 227 227 224 219 219 219 219 219 219 219 219 219 219 219 219 219 219 219 219 219 219 219 219 219 219 219 224 219 219 219 219 212 219 219 219 219 219 219 219 219 224 209 53 25 196 189 181 204 215 219 224 219 219 219 219 228 219 197 219 219 224 224 224 219 224 224 224 224 224 224 224 224 224 224 224 224 224 224 224 224 224 227 227 227 227 227 227 227 227 227 227 227 227 227 
182 193 193 201 201 201 201 201 205 205 205 212 205 205 205 205 212 212 212 212 212 219 224 224 227 227 231 232 231 232 232 232 232 232 232 232 232 227 224 224 224 224 219 219 219 219 219 219 219 219 219 219 219 219 219 219 219 219 224 227 227 227 226 224 219 219 219 219 219 219 224 224 227 227 226 223 179 20 218 224 224 216 197 189 210 204 215 219 224 232 204 242 221 219 224 224 219 219 219 224 224 224 224 219 224 224 224 224 224 224 224 224 224 224 224 227 219 227 227 227 227 227 227 227 227 227 227 227 
182 190 195 195 201 205 205 205 205 212 212 212 212 205 212 212 212 212 212 212 219 224 224 227 227 232 232 232 232 232 236 236 236 236 236 236 236 232 232 232 232 227 224 224 224 224 224 219 219 219 219 219 219 219 219 219 219 219 224 232 236 236 232 227 224 224 224 219 219 224 224 227 232 236 238 235 238 87 206 227 224 219 219 219 219 216 192 189 186 210 171 236 226 219 219 219 224 219 219 219 219 224 224 224 224 224 224 224 224 224 224 224 224 224 224 224 224 224 224 227 224 225 225 227 227 227 227 227 
182 190 201 201 201 212 205 205 212 212 212 212 205 205 212 212 212 212 212 219 219 224 227 227 227 231 231 231 236 236 236 236 236 236 236 236 236 236 236 236 236 232 232 227 227 224 224 227 224 224 219 224 224 224 219 219 224 227 232 236 238 238 238 236 232 232 227 224 224 227 232 232 232 236 238 235 245 156 114 236 236 224 219 219 219 219 219 219 224 232 221 197 207 216 216 216 216 216 189 189 189 189 203 216 216 216 212 212 212 212 212 212 216 219 216 216 216 216 216 216 226 216 64 207 227 227 224 227 
182 193 201 201 205 205 205 212 212 205 212 212 212 212 212 212 212 212 212 219 219 224 227 227 232 231 232 232 232 236 236 236 236 236 236 236 236 236 236 236 236 236 232 232 231 227 227 227 227 224 227 232 227 227 227 227 232 232 236 238 241 241 241 241 238 238 236 236 232 236 236 238 238 238 238 236 243 226 56 230 241 232 226 224 224 219 219 219 219 225 230 228 175 215 224 224 224 224 224 224 224 224 224 224 224 224 224 219 219 224 224 224 224 224 224 224 224 224 224 224 227 148 94 217 227 224 224 224 
182 195 201 201 205 212 219 224 219 212 212 212 212 212 212 212 212 212 212 219 219 224 224 227 231 232 232 232 232 236 236 236 236 236 236 236 236 236 236 236 236 236 236 236 232 232 232 232 232 232 232 236 236 236 232 236 236 236 236 238 241 243 243 241 238 236 236 238 238 238 238 241 241 241 238 237 241 230 78 168 230 243 238 236 231 224 224 224 219 226 189 221 203 182 224 224 224 224 224 224 224 224 224 224 224 224 224 224 224 224 224 224 224 219 219 224 224 224 224 224 152 66 116 218 224 224 224 224 
182 193 201 201 203 224 227 232 227 227 226 226 224 227 224 219 219 219 219 219 224 224 227 227 232 232 236 236 236 236 236 236 236 236 236 236 236 236 236 236 236 236 236 236 236 236 236 236 238 238 237 238 238 238 238 238 238 238 238 241 241 243 243 238 238 238 236 238 238 241 241 241 243 243 241 237 243 230 220 44 206 241 243 238 236 227 224 224 224 237 221 224 221 212 224 224 219 224 224 224 224 224 224 224 224 224 224 224 224 224 224 219 219 219 219 219 219 219 224 200 28 179 129 224 219 219 219 219 
182 201 205 212 224 232 232 236 236 236 236 236 232 232 232 232 224 219 219 219 224 224 227 227 231 232 232 236 236 236 236 236 236 236 236 236 236 236 236 236 236 236 236 236 236 236 238 236 241 241 237 241 241 238 238 238 238 238 238 241 241 241 241 241 238 241 241 241 241 241 241 243 243 243 241 237 242 244 242 29 218 230 241 238 231 227 227 224 224 232 221 227 221 219 219 224 224 224 224 224 219 224 224 224 224 224 219 224 219 224 219 219 219 219 219 219 219 224 200 54 151 119 182 219 219 219 212 219 
182 201 203 224 227 231 236 236 238 238 236 236 236 236 238 236 227 224 219 224 224 224 227 227 231 232 231 232 236 236 236 236 236 236 236 236 236 236 236 236 236 236 236 236 238 238 238 238 241 241 237 241 241 241 241 238 238 238 238 238 236 238 236 238 238 241 241 238 241 241 241 243 243 243 242 243 229 247 245 78 168 231 230 238 236 227 224 224 224 237 221 228 221 219 219 224 224 224 224 224 224 224 224 224 224 224 224 224 224 224 219 219 219 219 219 219 224 219 46 85 200 171 219 219 212 212 212 212 
182 205 219 227 224 224 232 236 236 236 236 236 236 236 231 231 227 227 224 224 224 224 224 227 227 227 231 232 236 236 236 236 236 236 236 236 236 236 236 236 236 238 236 236 238 238 241 241 241 241 237 241 241 241 241 241 238 238 238 238 238 238 238 238 238 238 241 238 238 238 241 243 243 243 238 243 229 245 245 220 66 248 213 236 231 227 224 224 224 232 221 228 221 224 219 224 224 224 224 224 219 224 224 224 224 224 224 224 224 224 224 224 219 219 224 224 224 119 50 224 198 177 212 212 212 212 219 219 
182 212 224 227 224 227 227 231 231 232 236 238 238 236 231 232 232 232 231 224 224 227 227 227 227 227 231 231 231 231 232 236 236 236 236 236 238 238 238 236 236 238 238 238 238 241 241 241 238 238 238 241 207 241 238 238 238 238 241 241 238 241 241 241 241 241 241 241 238 238 241 241 241 243 238 243 223 245 243 239 23 230 236 224 231 231 227 224 224 237 221 237 221 224 224 224 223 207 224 224 224 224 224 224 224 224 224 224 224 224 224 224 224 224 224 224 133 28 196 194 209 196 212 219 219 219 219 219 
218 219 224 224 227 227 227 232 232 236 238 238 238 236 236 236 236 236 236 232 227 232 232 232 232 232 232 232 232 232 232 232 236 236 236 236 236 238 238 238 236 236 238 238 238 238 241 238 238 238 236 232 126 243 241 238 238 241 238 241 243 241 238 238 241 241 241 241 238 238 241 241 241 241 237 241 235 243 241 245 78 168 241 227 227 232 227 224 224 232 221 237 216 216 219 212 209 221 224 224 224 224 224 224 224 224 224 224 224 224 224 224 224 224 224 200 54 196 200 203 209 219 219 219 219 219 219 219 
218 224 224 224 227 227 227 232 236 236 238 238 238 238 236 236 236 236 236 236 236 236 236 231 231 236 236 236 231 232 232 232 231 232 236 236 236 236 238 236 236 236 236 238 238 238 238 238 238 238 236 243 75 237 241 241 241 241 241 241 241 241 241 241 241 241 241 241 241 241 241 241 241 241 237 241 235 238 238 241 220 66 238 231 224 227 227 224 224 226 189 221 221 224 224 224 219 224 224 224 224 224 224 224 224 224 224 224 224 224 224 224 207 224 219 46 85 219 203 224 209 219 219 219 219 219 219 219 
218 224 224 227 227 227 232 232 236 238 238 238 238 238 236 236 236 236 236 236 236 236 236 236 236 236 238 236 232 232 236 236 231 231 232 231 236 236 236 236 236 236 236 236 236 236 238 238 238 238 236 241 206 237 241 241 241 241 243 243 241 241 241 241 238 241 241 238 241 241 238 241 238 238 237 238 235 238 238 238 238 33 217 236 232 219 227 227 227 223 207 227 221 224 224 224 224 224 224 224 224 224 224 224 224 224 224 224 224 224 224 224 118 224 119 50 224 194 219 224 198 219 219 219 219 224 219 219 
218 224 227 227 227 232 232 236 236 238 238 238 238 238 236 236 236 236 236 236 236 236 236 236 236 238 238 238 236 236 236 236 232 232 232 232 236 236 236 236 236 236 236 236 236 236 236 236 236 236 236 237 206 237 238 241 241 238 241 241 241 241 238 241 238 238 238 238 238 241 238 238 238 238 237 238 206 236 238 238 238 78 126 236 231 227 219 227 227 226 233 236 221 224 224 224 224 224 224 224 224 224 224 224 224 224 224 224 224 224 224 224 156 80 50 221 223 221 224 224 219 219 219 219 219 219 219 219 
218 224 227 227 232 232 232 236 236 236 236 236 236 236 236 236 236 236 236 236 236 236 238 238 238 238 238 238 238 238 236 236 236 232 231 232 232 231 232 231 231 231 231 231 231 231 231 231 231 231 236 232 206 232 236 238 238 238 238 238 238 238 238 238 238 238 238 238 238 238 238 238 238 231 238 238 206 237 236 236 236 220 44 236 231 227 227 224 227 227 236 241 226 224 224 224 224 224 224 224 224 224 224 224 224 224 224 224 224 224 224 224 200 31 196 224 203 224 227 224 226 227 224 224 219 224 224 224 
218 219 227 227 227 232 232 231 236 236 236 236 236 236 231 231 232 231 236 236 236 236 238 238 238 238 238 238 238 238 236 236 236 231 236 236 236 236 232 231 231 231 227 231 227 227 227 227 227 231 232 227 148 232 236 236 236 236 236 236 236 236 236 236 236 236 236 236 236 236 236 236 236 235 238 237 206 236 236 231 231 232 35 217 227 227 231 224 224 227 231 247 225 224 224 224 224 224 224 224 224 224 224 224 224 224 224 224 224 224 224 223 54 65 218 209 224 227 236 227 232 232 232 232 227 227 232 232 
218 219 224 224 227 227 231 231 231 231 231 231 231 231 231 231 231 231 232 231 236 236 236 238 238 238 238 238 238 238 236 236 236 236 236 236 236 236 236 231 231 231 227 227 227 227 227 227 227 227 227 227 61 218 227 231 231 231 231 231 236 231 236 236 236 236 236 236 236 236 236 232 236 227 236 236 221 231 231 231 227 227 78 66 232 231 227 227 219 231 227 64 126 224 227 224 224 224 224 224 224 224 224 224 224 224 224 224 224 224 224 64 126 171 168 221 227 232 231 221 231 232 236 236 232 236 231 224 
218 219 224 224 224 224 224 227 227 227 227 231 227 227 231 231 231 231 231 231 236 236 236 236 236 238 238 236 236 236 236 236 236 236 236 236 236 236 232 231 231 227 227 227 227 227 227 227 227 227 227 219 78 217 227 231 231 231 231 231 231 231 231 231 231 231 231 231 231 231 231 231 231 227 231 231 218 231 227 227 227 227 220 24 231 232 227 227 232 213 227 61 126 227 227 227 224 224 224 224 224 224 224 224 224 224 224 224 224 224 119 50 224 183 178 227 227 232 223 232 232 232 232 231 227 227 232 231 
218 219 219 219 219 224 224 224 224 224 224 224 224 224 227 227 227 227 227 231 231 232 231 236 236 236 236 236 236 236 236 236 232 231 232 236 236 231 231 231 227 227 227 227 227 227 224 227 227 227 227 231 156 217 227 227 227 227 227 227 227 227 227 227 231 231 231 227 231 227 231 227 227 221 227 227 218 227 227 227 227 227 227 35 168 231 231 224 231 224 221 61 66 227 227 227 227 224 224 224 224 224 224 224 224 224 224 224 224 200 28 221 227 194 118 236 231 232 212 236 232 231 224 226 232 236 236 236 
218 219 219 219 219 224 224 224 224 224 224 224 224 224 224 224 224 227 227 227 227 227 227 231 231 231 232 232 236 231 231 236 231 236 231 231 231 231 231 227 227 227 227 227 227 227 227 227 227 227 227 227 156 168 227 227 227 227 227 227 227 227 227 227 227 227 227 227 227 227 227 227 227 221 227 223 218 227 227 227 227 227 227 156 66 231 231 227 227 227 226 76 66 227 227 227 227 224 224 224 224 224 224 224 224 224 224 224 223 54 196 227 224 216 112 232 232 223 221 231 227 226 232 236 236 236 236 236 
218 219 219 219 219 219 224 224 224 224 224 224 224 224 224 224 224 224 224 224 224 227 227 227 227 227 227 231 231 231 231 231 231 231 231 231 231 231 227 227 227 227 227 227 227 227 227 227 227 227 227 228 119 126 227 227 227 227 227 227 227 227 227 227 227 227 227 227 227 227 227 224 224 227 227 223 218 227 227 227 227 224 227 220 24 230 232 227 224 227 227 89 118 227 227 227 227 227 227 224 224 224 224 224 224 224 224 224 64 151 227 227 219 227 157 207 231 209 224 232 232 231 184 202 230 231 227 227 
218 219 219 219 219 219 219 224 224 224 224 224 224 224 224 224 224 224 224 227 224 224 224 227 224 227 227 227 227 227 231 231 227 227 227 227 227 227 227 227 227 227 227 227 227 227 227 227 227 227 227 227 197 126 227 227 227 227 227 227 227 227 227 227 227 227 227 227 227 227 227 224 224 231 227 191 227 227 227 227 224 227 227 227 61 168 236 227 227 224 227 89 66 227 227 227 227 227 227 224 224 224 224 227 224 227 227 119 126 227 227 209 227 231 131 140 218 206 227 225 210 200 26 126 226 227 232 232 
218 219 219 219 219 219 219 224 224 224 224 224 224 224 224 224 224 224 224 227 224 224 224 224 227 227 227 227 224 227 227 227 227 227 227 227 227 227 227 227 227 227 227 227 227 227 227 227 227 227 227 232 228 75 227 227 227 227 227 227 227 227 227 227 227 227 227 227 227 227 227 224 224 227 227 191 231 227 227 227 227 227 227 227 156 66 231 227 227 224 227 89 50 213 227 227 227 227 227 224 224 224 219 227 224 227 152 50 226 227 188 178 189 216 146 120 202 196 226 232 236 191 47 126 230 227 232 236 
218 219 219 219 219 219 224 219 224 224 224 224 224 224 224 224 224 224 224 227 224 224 224 224 227 227 227 227 227 227 224 227 227 227 227 227 227 227 227 227 227 227 227 227 227 227 227 227 227 227 227 232 227 74 227 227 227 227 227 227 227 227 227 227 227 227 227 227 227 227 227 232 224 227 227 183 231 227 227 224 227 227 227 227 226 23 218 231 227 227 224 89 66 220 207 227 227 227 227 227 227 224 224 227 227 223 54 196 227 227 212 227 227 231 91 44 179 218 236 236 236 191 156 126 152 207 227 231 
218 219 219 219 219 219 224 224 224 224 224 224 224 224 224 224 224 224 224 227 224 227 224 224 227 227 227 224 227 227 227 227 227 227 227 227 227 227 227 227 227 232 227 227 227 227 227 227 227 227 227 232 226 92 227 227 227 227 227 227 227 227 227 227 227 227 227 232 232 232 232 236 232 236 232 188 231 227 224 227 227 227 227 227 236 78 126 231 227 227 227 89 25 227 197 221 227 227 227 227 227 227 227 227 223 54 196 227 227 209 227 227 227 227 197 24 194 182 221 236 236 148 156 126 156 118 231 232 
218 219 219 219 219 219 224 224 224 224 224 224 224 224 224 224 224 224 224 227 227 224 227 224 227 227 227 227 227 227 227 227 227 227 227 227 227 227 232 232 236 236 236 238 236 232 227 227 227 227 227 232 223 54 114 231 231 227 227 227 227 227 227 227 227 227 232 236 238 238 241 241 237 241 241 214 227 227 227 231 232 232 227 237 231 156 44 231 227 227 227 89 25 231 232 188 224 227 227 227 227 227 224 227 119 126 227 227 223 221 224 227 227 227 221 118 160 182 221 227 232 206 156 168 227 197 198 231 
218 219 219 219 219 224 224 224 224 224 224 224 224 224 224 224 224 224 224 227 227 224 227 227 227 227 227 227 227 227 232 232 236 232 227 232 232 232 236 236 236 238 236 238 238 236 227 231 227 227 227 231 156 154 92 225 232 232 231 227 227 231 231 227 227 231 232 235 237 238 238 231 237 238 236 206 232 227 231 232 232 236 236 236 236 232 23 218 232 231 227 78 75 231 227 226 198 227 227 227 227 227 227 119 50 227 227 227 205 227 227 227 227 227 221 200 66 221 216 227 231 207 78 217 227 227 197 207 
218 219 219 219 219 224 224 224 224 224 224 224 224 224 224 224 224 224 224 227 227 227 227 227 227 227 227 227 231 232 236 236 236 236 236 232 236 236 236 238 236 236 236 236 236 231 227 232 231 231 232 223 206 228 153 218 224 232 231 231 232 232 232 232 232 227 227 197 196 236 236 223 236 236 236 206 227 232 231 232 232 236 238 236 236 236 78 126 232 232 231 78 25 227 227 227 214 219 227 227 227 232 191 69 221 227 227 209 224 227 227 227 227 219 218 156 44 213 227 219 227 218 78 217 221 227 227 216 
218 219 219 219 224 224 224 224 224 224 224 224 224 224 224 224 227 224 227 227 227 227 227 227 227 227 227 227 232 232 236 236 236 236 236 232 236 236 232 231 231 236 236 236 236 236 184 236 232 231 232 224 221 236 188 207 232 227 232 232 232 231 236 236 236 232 236 231 236 236 236 235 236 236 237 206 232 236 236 236 236 237 236 236 231 236 220 44 231 232 231 78 25 235 227 227 227 216 224 231 231 223 54 196 231 227 223 221 227 227 227 227 227 209 227 179 20 218 227 224 200 227 78 217 224 227 224 224 
218 219 219 219 219 224 224 224 224 224 224 224 224 224 224 224 227 224 227 227 227 227 227 227 227 227 227 232 232 232 236 236 232 236 236 236 231 231 232 236 236 236 236 236 236 236 148 237 236 236 231 232 221 210 206 213 231 232 227 227 232 232 236 236 236 236 236 231 236 236 236 232 236 236 238 217 236 236 236 236 237 236 236 231 232 232 232 35 217 231 232 156 25 231 227 231 227 227 213 227 231 46 151 227 227 227 212 227 227 227 227 227 224 219 224 227 23 168 227 227 213 224 78 217 224 227 227 227 
218 219 219 219 219 224 224 224 224 224 224 224 224 224 227 227 227 227 227 227 227 227 232 232 227 227 227 227 231 231 232 236 236 236 236 236 236 231 232 236 236 236 236 236 236 224 171 164 230 231 232 231 228 221 213 214 231 232 232 232 227 231 236 236 236 236 236 231 236 236 238 232 236 238 231 217 238 236 236 238 241 236 236 236 236 236 236 78 126 231 231 156 36 231 227 227 231 231 226 219 119 126 227 227 224 209 227 227 227 227 227 227 227 224 224 227 78 126 218 227 214 219 78 218 227 227 224 227 
218 219 224 224 224 224 224 224 224 224 224 224 224 224 227 227 227 227 227 227 231 232 232 236 236 232 227 227 227 231 231 231 231 231 231 236 236 236 232 236 236 236 236 236 184 116 70 59 114 232 236 231 231 230 213 226 221 231 231 231 231 232 231 236 236 236 236 231 238 236 236 232 236 231 228 218 236 236 236 241 236 236 236 236 223 230 240 220 44 240 240 156 36 240 232 227 227 231 232 119 126 227 231 227 223 221 227 227 227 227 227 227 224 219 218 227 78 66 206 227 221 224 61 218 227 227 224 224 
218 224 227 224 224 224 224 224 224 224 224 224 224 224 224 227 227 232 232 236 236 236 236 238 238 236 232 232 232 232 231 231 231 231 232 231 232 231 236 236 236 236 236 236 216 226 192 122 126 236 236 231 224 237 214 231 221 231 231 232 231 231 231 227 227 231 232 231 236 236 231 228 231 232 223 218 231 231 237 238 231 232 236 237 220 44 247 254 78 230 254 191 44 254 242 231 227 232 223 28 196 227 231 231 219 227 227 227 227 227 227 227 227 212 231 227 191 24 194 223 218 232 61 182 227 227 227 224 
218 227 227 224 227 224 224 224 224 224 224 224 227 224 224 227 227 236 236 236 238 236 235 238 236 236 236 236 236 236 232 232 232 232 231 231 231 231 231 232 232 231 231 232 224 232 38 122 126 236 231 227 224 236 223 232 219 231 232 231 231 232 231 232 232 224 225 223 231 236 228 232 227 232 191 232 232 236 238 232 232 236 231 237 254 78 217 251 156 126 251 156 44 252 249 236 232 223 54 196 232 213 204 204 232 227 227 227 227 227 231 227 227 221 227 227 226 20 122 191 228 232 61 218 219 227 227 227 
218 224 227 227 227 227 224 224 224 224 224 224 224 224 224 227 227 232 236 236 238 236 232 236 236 236 236 238 238 238 238 238 238 238 236 232 232 232 231 231 232 232 231 231 225 225 41 81 126 236 231 227 224 231 235 227 224 227 231 231 231 232 232 232 232 231 227 89 217 236 227 231 232 232 200 236 232 231 232 231 235 236 232 237 249 156 126 233 239 36 226 156 29 226 226 232 231 89 151 231 231 220 74 66 231 232 227 227 231 227 232 227 184 207 227 232 232 35 84 194 238 232 40 218 226 224 227 227 
218 224 224 224 227 227 227 224 224 224 224 224 224 227 227 227 227 231 236 236 236 232 236 238 238 238 238 241 238 238 238 238 238 241 238 236 232 231 231 231 232 231 210 200 88 80 42 37 44 218 210 221 224 231 235 221 227 227 231 232 232 231 231 227 227 226 232 94 217 231 227 227 231 231 194 236 240 232 232 231 232 236 236 247 254 156 126 250 250 78 217 156 29 247 243 238 119 126 231 227 232 231 197 151 207 232 227 231 227 227 232 227 89 217 227 232 232 78 66 182 236 232 40 218 219 224 224 227 
218 224 224 224 224 224 224 224 224 224 224 224 227 227 227 227 232 232 236 236 238 236 238 238 238 238 238 241 238 238 241 241 241 238 238 238 238 236 232 231 232 228 218 200 98 62 51 37 41 218 200 172 204 227 235 221 227 204 227 227 227 227 226 232 232 236 191 179 126 232 224 232 232 231 188 237 238 237 248 240 242 236 236 245 254 156 126 252 250 220 66 156 28 247 245 191 50 233 236 231 232 209 232 227 176 225 232 227 231 231 231 227 178 232 227 231 231 156 25 206 237 227 40 232 224 227 224 227 
218 224 224 224 224 224 224 224 224 224 227 227 227 227 227 231 232 232 236 236 236 236 236 238 238 238 238 238 238 238 238 238 238 238 238 236 232 236 236 236 236 223 203 200 88 62 51 37 36 228 153 148 216 232 228 221 232 216 232 232 236 236 236 236 236 236 148 214 228 231 221 232 232 232 206 237 236 237 249 254 242 238 225 222 222 119 66 225 155 147 22 89 196 229 155 31 218 236 238 240 223 221 232 232 227 176 227 227 231 232 227 223 217 231 232 231 231 220 60 178 232 223 40 231 227 224 227 213 
218 227 232 227 227 227 227 227 227 227 224 227 227 227 227 227 231 231 231 231 231 231 231 232 236 236 236 236 236 236 236 236 236 236 236 236 236 236 236 236 236 232 173 87 58 51 42 29 29 38 126 119 218 231 236 224 231 227 227 236 236 236 236 236 236 223 217 224 231 221 232 236 232 231 206 232 236 237 251 246 225 226 175 149 149 93 50 166 142 175 76 36 126 191 28 79 123 117 163 184 184 227 232 236 232 232 213 231 232 232 231 214 221 227 231 231 231 232 65 118 236 239 50 231 227 227 221 227 
218 227 232 231 227 227 227 232 231 227 227 227 227 227 227 227 227 227 231 227 227 228 224 227 231 231 232 231 231 231 231 232 231 231 232 232 236 236 231 231 231 231 197 79 154 154 79 79 79 151 232 156 217 236 237 224 236 235 227 236 236 236 236 236 236 197 231 227 227 224 232 236 240 239 196 240 236 225 224 233 244 253 223 190 174 91 24 97 111 87 54 24 74 46 25 164 164 172 172 181 174 236 227 231 232 232 232 213 188 236 227 218 232 227 231 232 232 232 148 75 236 242 50 236 232 227 214 227 
218 235 227 232 227 232 232 232 231 232 236 236 231 231 231 227 231 232 227 227 227 209 203 219 227 236 231 236 231 231 232 232 231 232 231 232 231 231 232 231 231 232 227 240 238 236 227 224 212 221 232 227 118 236 237 212 236 231 224 236 236 236 236 236 236 221 227 223 221 227 232 231 228 234 202 225 233 244 249 252 254 252 223 190 180 91 28 57 151 95 57 10 11 7 50 130 161 161 149 118 174 236 232 227 231 231 236 232 173 144 223 228 231 227 231 231 232 232 156 72 218 242 50 231 232 227 231 224 
218 235 224 227 232 232 232 231 232 232 236 236 231 232 216 189 216 210 194 226 226 216 216 216 188 210 216 173 183 227 232 231 232 231 231 231 231 232 236 231 232 231 227 249 248 238 236 227 173 218 236 224 156 236 237 214 236 236 224 232 236 236 236 236 223 228 227 224 232 235 227 223 228 89 217 244 252 250 250 250 252 249 229 195 174 91 25 110 158 125 93 34 7 14 75 161 161 174 169 148 167 236 232 232 227 232 236 236 220 133 163 224 231 232 232 231 231 232 156 67 217 242 66 236 232 227 227 227 
218 231 227 227 231 232 232 236 232 236 236 236 236 236 232 232 236 219 152 236 236 236 231 232 188 200 227 227 227 232 231 231 231 232 231 231 232 231 231 232 231 227 232 250 249 245 236 231 156 217 236 224 220 217 238 223 236 232 227 221 236 231 236 236 206 231 224 227 232 227 227 184 218 153 247 251 249 254 252 250 249 253 229 190 174 76 25 167 185 146 127 47 11 24 132 180 185 190 190 148 174 236 236 236 236 223 236 236 236 214 218 221 227 236 232 231 231 232 189 56 168 242 56 227 231 231 227 232 
218 231 227 231 231 231 232 231 231 231 231 231 236 236 224 231 231 206 156 228 232 236 236 236 148 220 218 231 227 227 231 231 232 232 232 232 231 232 232 231 227 231 232 250 249 248 238 231 156 217 236 219 236 178 236 220 230 236 227 227 236 232 236 223 218 223 232 227 232 227 232 89 126 153 223 116 230 254 252 249 252 252 229 190 180 76 25 177 185 167 145 47 15 24 145 133 26 114 195 148 174 236 236 232 236 220 227 232 236 224 178 206 227 232 236 194 236 236 217 92 111 229 75 232 232 232 231 232 
218 172 227 227 227 227 231 231 231 231 231 231 225 219 226 232 237 206 227 236 231 232 231 231 226 223 218 231 227 227 231 231 231 231 232 231 232 231 232 227 232 232 232 252 249 245 238 231 156 217 236 224 236 156 236 229 218 236 231 228 236 236 236 148 236 224 236 227 232 227 236 208 175 124 156 135 247 234 230 252 252 252 229 190 174 91 25 185 190 167 167 47 10 25 142 124 15 24 193 188 159 236 236 236 236 223 232 227 231 232 216 221 232 232 232 191 236 223 218 89 96 147 66 231 231 231 231 231 
181 86 198 219 227 224 224 227 227 227 227 232 227 232 232 232 237 221 227 232 232 232 231 232 227 227 221 231 231 232 231 232 231 232 231 232 232 232 231 232 231 236 237 252 249 245 238 231 219 228 236 221 236 220 217 223 217 236 236 227 232 236 223 196 227 232 236 227 231 232 236 231 223 171 191 203 228 146 221 252 252 252 229 190 174 91 50 180 185 167 174 47 10 50 174 124 20 50 195 174 165 238 236 236 236 191 232 236 227 231 228 188 232 236 236 191 236 209 235 156 72 122 126 223 218 216 224 231 
187 148 216 216 212 224 224 227 227 227 227 231 231 227 232 231 237 218 227 232 232 231 231 232 227 232 206 227 231 232 231 231 231 232 231 232 236 231 232 232 232 236 237 252 250 248 238 231 224 232 236 206 236 236 118 229 207 236 236 231 232 236 171 235 228 232 236 224 228 236 236 236 229 171 220 174 230 195 230 252 254 254 229 190 169 120 52 172 193 177 167 76 10 24 185 174 123 175 193 174 91 247 238 231 236 239 218 236 236 236 223 174 237 240 236 220 218 235 242 191 75 84 66 229 217 184 221 232 
218 148 224 227 221 227 227 227 232 227 227 227 227 227 227 231 228 228 227 232 231 232 231 231 231 232 206 232 232 232 232 236 232 236 236 231 231 232 236 236 236 232 237 250 249 248 238 231 184 230 238 221 236 236 148 239 206 236 236 235 235 223 182 232 227 236 236 224 235 236 236 238 229 148 235 215 247 226 244 252 254 254 229 186 159 62 81 25 185 177 159 47 10 25 185 185 186 181 181 177 196 228 221 238 236 228 228 238 237 235 223 200 218 238 236 220 218 230 235 156 66 57 126 220 217 208 224 223 
218 148 227 219 227 227 231 232 232 232 232 232 232 227 232 232 223 227 221 231 232 232 232 232 231 232 213 231 236 232 232 231 231 236 236 236 232 236 232 236 236 236 237 252 250 248 238 236 119 218 238 221 238 236 220 217 178 238 238 231 228 119 226 236 227 236 236 224 232 236 238 238 229 174 197 233 249 250 250 254 252 252 229 180 120 51 26 25 177 177 159 76 10 24 190 185 185 175 175 151 202 225 172 222 184 202 202 222 222 202 202 59 44 207 234 200 218 217 223 207 148 92 126 223 236 223 172 54 
218 148 227 198 231 231 232 232 232 236 236 232 236 232 232 236 223 231 221 232 231 236 236 236 231 227 214 232 231 231 231 232 227 232 236 232 236 236 236 236 236 236 247 252 250 248 241 236 153 230 236 228 238 238 236 126 148 238 236 236 228 126 236 231 232 236 238 221 232 236 236 223 200 173 254 252 250 252 254 252 252 254 229 180 103 62 17 25 169 169 167 76 39 154 184 83 83 38 22 22 15 44 35 10 10 10 10 10 10 10 6 4 10 114 16 8 22 38 38 38 38 87 152 105 202 225 61 126 
218 148 223 221 231 232 232 232 232 236 236 231 231 227 232 236 235 231 227 231 232 236 236 236 232 227 223 231 232 231 236 231 232 236 232 238 236 238 238 238 238 238 247 254 250 248 241 231 153 230 231 228 238 238 238 148 148 238 238 236 191 196 236 235 238 236 238 221 232 236 223 86 179 103 252 252 250 254 252 252 252 252 229 180 121 62 15 25 200 180 175 173 105 70 81 14 7 7 7 7 7 10 84 7 7 7 7 7 7 7 14 5 7 7 4 4 4 4 4 10 7 126 16 7 10 8 22 38 
218 156 194 227 227 231 231 231 231 231 232 231 232 231 232 236 235 227 232 232 231 231 231 231 232 227 229 227 232 231 236 232 232 227 238 236 116 83 155 155 202 223 230 252 249 246 241 231 216 225 223 218 225 225 231 156 87 225 225 225 148 223 225 225 225 225 231 204 202 225 191 126 200 103 252 250 249 254 252 252 254 252 229 190 120 62 20 50 192 155 70 65 90 82 81 17 12 12 39 43 43 79 79 79 79 154 154 154 154 154 154 79 69 79 79 79 43 43 39 39 43 152 15 7 4 4 7 14 
218 156 206 227 224 231 232 231 231 231 231 231 232 227 232 237 227 224 231 231 231 231 231 232 232 227 228 232 231 231 232 236 227 228 225 223 62 37 37 49 75 153 217 225 210 227 238 232 184 91 81 135 175 189 64 56 66 143 146 153 85 115 107 111 157 128 178 153 129 149 76 75 179 148 254 252 250 254 252 251 234 222 83 38 75 123 130 116 82 77 82 82 129 208 156 175 192 216 212 212 212 212 205 174 189 200 207 219 204 184 204 171 126 205 212 212 212 212 205 205 184 142 150 154 79 43 43 39 
218 156 221 227 227 231 227 231 232 232 232 231 227 227 232 237 224 224 231 232 232 232 232 232 232 227 228 230 231 231 232 231 232 235 224 200 51 37 36 37 75 153 217 206 226 227 238 232 191 47 56 158 184 83 18 135 78 133 68 87 159 96 88 115 158 139 182 112 180 181 76 66 228 148 252 251 234 222 155 87 82 73 79 106 164 163 130 159 101 129 208 233 254 254 148 212 212 219 212 219 205 153 182 152 168 119 74 152 114 114 155 148 155 155 184 184 200 172 173 203 105 160 190 190 199 201 201 195 
218 119 227 227 227 227 227 227 231 231 232 232 232 227 227 237 221 224 232 231 231 231 231 232 231 231 237 221 232 236 227 231 224 200 199 153 48 32 24 79 65 91 217 206 238 227 242 236 209 124 65 52 28 154 23 196 156 97 44 85 145 118 103 161 175 185 203 136 195 175 124 69 64 22 83 58 51 63 73 86 175 181 180 139 131 183 174 175 233 253 254 254 254 254 148 216 212 219 212 219 205 156 182 78 148 148 46 75 40 81 31 31 85 21 89 160 122 25 197 194 40 161 180 159 169 193 181 172 
218 93 227 227 227 227 240 240 240 241 231 232 232 227 232 241 221 221 232 231 232 232 236 232 236 231 237 227 236 231 232 231 204 156 144 89 48 29 85 116 62 41 217 206 241 221 235 231 226 208 123 148 67 251 40 222 191 48 10 24 58 74 73 111 144 177 198 131 183 193 174 65 47 13 30 50 69 175 192 164 183 181 185 183 175 233 240 250 252 254 254 254 254 249 148 219 219 219 219 219 219 156 168 40 40 121 161 118 40 21 75 35 85 13 78 114 122 25 223 177 40 151 177 164 164 181 171 151 
181 156 227 227 227 227 237 249 239 231 244 253 249 253 248 242 232 221 236 231 232 232 236 236 236 236 237 213 231 232 232 231 215 197 216 197 154 175 192 150 62 51 217 184 210 221 234 222 202 225 116 31 10 54 17 25 97 34 11 85 154 150 196 175 175 189 221 175 233 226 233 226 150 154 171 166 164 169 181 138 194 174 203 226 236 249 242 246 249 252 252 254 254 253 178 219 219 219 219 224 224 197 79 123 123 139 69 95 106 79 129 94 55 79 129 106 81 79 94 107 61 111 164 164 135 158 199 201 
182 156 227 227 227 227 232 251 249 236 250 248 231 243 240 212 228 232 236 232 232 232 236 236 236 236 237 214 232 238 214 189 216 187 165 189 189 189 189 224 197 61 114 156 152 70 32 29 114 239 61 41 29 97 20 75 197 55 23 126 224 216 221 194 194 203 224 218 227 204 223 204 155 116 82 112 111 169 183 175 216 226 221 236 245 235 240 247 250 254 254 254 254 229 178 203 224 224 224 219 219 204 204 204 181 181 167 181 181 181 181 181 181 181 181 204 199 194 167 185 185 195 195 195 203 205 201 205 
217 156 227 227 227 227 223 230 238 232 246 246 191 234 234 204 184 225 232 236 232 236 236 236 236 236 231 235 227 238 219 224 209 187 219 219 205 219 200 198 224 150 52 54 208 150 93 86 126 176 197 35 14 68 24 44 74 114 175 151 224 198 213 200 194 188 209 215 184 105 70 106 77 90 90 160 208 233 244 246 238 231 227 236 236 237 238 247 248 254 254 254 254 229 178 189 189 189 216 216 216 216 216 216 216 216 209 198 219 224 219 219 219 219 226 216 224 175 175 175 175 189 189 185 181 181 204 199 
218 156 227 227 232 226 226 244 240 244 242 199 124 58 182 153 167 187 232 236 236 236 236 236 236 231 232 235 227 231 200 204 153 137 173 198 204 204 204 203 205 216 150 50 247 119 81 114 102 165 87 124 14 21 30 44 38 26 38 83 202 201 164 204 223 155 116 70 72 82 72 160 129 208 233 244 246 246 235 231 227 228 237 242 224 226 236 247 252 254 250 252 253 220 221 232 232 232 227 232 226 233 240 240 240 240 233 183 240 240 240 240 240 240 240 240 226 226 216 219 219 219 219 219 219 215 192 189 
218 156 227 227 237 250 242 234 247 246 242 203 156 51 83 119 203 224 232 236 236 236 236 236 231 236 231 184 202 194 116 203 153 158 199 198 158 187 196 181 201 212 209 76 202 172 46 85 59 172 123 59 11 19 14 85 43 43 79 192 166 119 52 126 156 36 111 123 123 154 208 244 253 254 250 246 225 227 240 236 226 224 247 235 231 238 238 245 249 253 254 254 254 235 222 202 202 234 222 222 155 155 155 83 83 83 38 38 70 38 38 38 38 38 114 152 83 83 83 83 155 202 202 202 172 198 205 226 
218 156 227 232 227 237 242 194 230 219 242 212 156 81 7 13 218 224 232 236 236 236 236 231 236 238 223 47 217 235 75 200 174 181 188 184 158 187 186 175 163 169 169 171 122 24 39 43 79 154 197 150 106 71 100 199 70 131 120 59 120 64 31 126 70 50 208 240 253 254 254 254 252 245 249 240 232 237 235 237 241 223 210 233 238 235 240 249 254 254 251 234 202 89 32 15 8 6 6 6 4 4 4 4 4 4 4 4 25 17 4 4 4 7 166 16 4 6 4 4 4 4 8 8 8 8 38 83 
218 156 227 231 227 237 242 194 230 240 229 205 124 76 15 13 168 224 232 236 236 236 227 236 238 238 220 68 206 184 44 142 118 187 174 135 175 175 120 80 144 140 159 81 66 52 105 116 83 38 38 22 22 24 41 198 49 74 139 32 124 19 10 44 32 66 252 254 254 254 254 254 252 245 245 245 231 232 226 248 249 220 247 250 240 242 245 246 234 155 116 82 158 78 7 4 4 4 4 4 4 4 4 4 4 4 4 4 4 28 4 4 4 126 46 4 4 4 2 4 7 2 2 2 2 2 2 2 
218 156 218 231 232 244 249 240 250 250 209 190 89 68 47 14 118 219 232 236 231 221 236 238 238 238 238 73 140 81 56 140 173 172 80 144 102 138 128 134 134 74 105 134 154 89 68 93 62 37 23 23 39 95 151 148 77 25 64 15 64 11 9 47 33 25 230 254 254 254 254 254 252 248 249 242 232 232 237 245 243 229 246 246 246 234 202 163 123 175 192 171 169 78 11 4 4 4 4 4 4 4 4 4 4 4 4 4 4 25 35 7 50 152 7 7 4 4 4 10 4 4 2 2 2 2 2 2 
218 191 218 227 231 252 252 254 254 242 170 199 61 56 78 15 64 178 230 231 232 238 238 238 238 238 238 68 75 31 68 44 26 106 106 120 90 125 121 105 91 65 68 100 168 119 66 175 208 233 233 233 244 249 250 148 76 25 26 10 33 4 4 26 11 25 178 254 254 254 250 251 252 253 250 242 231 232 237 250 249 220 181 184 163 175 175 226 221 219 221 116 144 78 17 7 4 7 7 12 12 39 43 43 43 43 79 79 79 79 150 79 151 69 79 43 43 43 43 39 12 12 4 4 4 4 2 2 
218 156 227 232 231 247 252 254 254 246 162 180 61 25 89 15 75 207 153 114 234 234 234 234 234 222 202 50 130 23 49 33 7 8 44 77 58 72 72 65 65 51 65 41 36 45 24 168 237 245 248 242 247 239 247 235 47 13 11 9 11 4 4 13 7 126 188 252 255 237 240 244 249 249 249 242 236 237 237 234 202 163 175 203 194 198 221 231 199 184 184 67 175 156 79 154 208 208 233 233 232 236 238 238 238 238 236 236 236 236 231 228 209 218 227 231 232 231 232 232 226 226 208 208 154 79 43 43 
168 191 218 231 232 237 250 249 249 248 239 84 42 24 88 69 64 38 68 61 22 22 15 15 15 15 24 24 15 15 15 6 4 13 5 58 55 55 55 77 69 32 49 57 42 41 41 56 230 245 248 249 244 250 252 242 76 15 4 9 6 4 2 14 4 66 148 247 242 251 250 250 253 254 252 242 225 184 186 175 205 193 201 205 205 193 184 116 70 129 154 244 254 156 221 236 236 236 236 236 236 238 238 238 236 236 236 236 236 231 232 214 209 218 227 231 231 231 231 232 231 232 231 231 231 231 231 231 
66 191 230 194 230 230 246 246 246 223 172 52 61 55 65 189 11 13 151 73 55 36 51 63 71 51 49 24 49 55 55 27 27 39 55 50 67 48 42 58 58 32 8 24 15 36 49 49 168 241 248 249 237 250 246 242 156 11 2 4 4 2 4 10 4 126 135 247 242 247 254 254 251 234 184 165 175 203 219 224 219 201 186 190 195 185 86 154 233 253 254 251 225 162 218 236 236 236 236 236 236 236 236 236 236 236 236 236 236 231 231 204 215 227 227 232 227 227 231 231 232 231 232 231 232 231 231 231 
24 84 155 114 164 178 227 234 184 107 111 124 84 129 151 191 13 151 228 52 22 50 61 21 13 22 126 40 36 49 92 59 100 175 192 208 197 76 55 92 58 47 4 25 32 36 49 49 74 247 249 250 237 250 156 228 70 4 2 4 4 4 21 4 13 217 187 252 242 246 234 184 163 175 226 216 190 203 219 225 200 177 185 189 233 233 253 254 251 246 236 244 240 191 168 224 227 231 227 231 231 231 227 227 231 231 224 231 227 227 224 168 213 224 227 227 227 227 231 231 231 227 231 227 227 227 227 227 
85 164 99 111 167 161 175 190 26 26 44 244 92 114 182 156 75 223 181 124 55 126 156 45 50 154 196 151 208 233 220 154 154 228 154 59 26 75 154 76 35 44 43 24 18 36 49 51 56 168 245 249 245 250 148 191 33 4 4 4 4 43 10 4 9 225 218 222 210 183 208 196 159 215 227 223 180 181 186 181 163 208 233 253 254 251 246 243 244 250 250 234 155 67 52 172 225 227 227 227 227 227 231 231 231 231 227 225 184 198 119 38 152 114 204 204 204 219 219 225 204 204 225 219 219 224 219 204 
196 208 175 208 233 233 240 239 4 6 13 230 220 22 217 61 75 119 172 172 175 196 171 76 39 117 70 74 117 176 116 210 202 184 246 35 30 44 172 119 45 39 102 39 55 77 77 45 58 114 248 249 248 229 217 227 76 43 211 79 43 172 48 4 10 22 22 90 178 204 227 223 194 216 231 184 134 135 208 233 244 252 251 246 241 240 250 250 251 234 147 72 91 57 32 44 172 202 202 184 172 202 202 202 202 155 116 83 75 152 11 9 16 4 44 68 144 172 140 99 144 116 74 172 140 164 172 87 
230 241 206 237 245 248 248 239 35 5 9 218 209 35 66 33 74 59 69 32 38 38 38 38 83 83 83 83 155 155 100 155 155 100 83 83 68 22 54 8 38 38 38 38 38 26 22 20 18 56 251 251 251 191 217 225 155 83 155 83 26 15 14 10 7 14 24 82 164 188 203 200 140 184 198 208 233 253 252 252 252 252 239 244 250 249 242 222 163 149 134 87 45 22 15 10 8 22 22 26 22 22 18 22 22 15 15 15 85 31 4 4 3 4 18 17 15 15 18 22 22 22 15 15 8 8 22 8 
230 241 218 241 241 248 243 248 220 5 25 202 116 124 13 15 63 34 68 62 17 7 7 4 7 7 7 7 7 7 7 7 7 10 10 10 24 4 24 5 4 18 18 20 20 20 20 20 18 29 168 134 87 64 82 182 61 7 25 34 17 18 18 14 23 15 24 72 111 177 177 208 233 244 252 252 252 250 249 249 250 249 241 250 246 202 163 110 181 70 42 56 26 10 7 10 4 4 4 4 4 7 4 4 4 4 4 9 80 11 2 2 2 2 9 20 6 4 4 3 4 2 2 2 2 2 2 2 
230 242 218 246 246 234 234 225 184 33 30 144 101 153 55 17 56 48 56 73 45 14 7 7 7 7 7 7 7 7 7 7 7 7 10 10 15 4 24 5 4 18 18 20 20 20 20 20 18 20 66 159 110 116 135 187 61 7 24 80 65 23 20 28 35 20 65 129 208 233 244 249 249 250 250 250 252 250 243 241 245 235 225 155 129 204 184 80 67 57 26 10 10 7 4 4 4 7 4 4 4 4 4 4 4 2 2 25 62 11 2 2 2 2 9 20 5 2 2 2 2 2 2 2 2 2 2 2 
68 116 111 169 145 149 161 167 134 33 50 175 150 171 99 33 25 45 63 67 113 55 14 7 7 7 7 7 7 7 7 7 7 7 7 7 10 7 24 11 4 14 18 20 20 20 20 20 20 29 36 177 173 151 178 186 61 17 50 119 97 73 39 129 208 233 244 250 252 254 252 249 250 249 249 249 248 248 248 246 235 224 183 158 172 116 82 71 38 15 14 10 4 4 4 4 4 4 4 4 4 4 4 2 2 2 2 9 58 11 2 2 2 2 4 32 11 2 2 2 2 2 2 2 2 9 5 85 
85 48 96 169 127 169 167 189 175 106 166 202 147 59 59 26 10 26 22 15 66 183 123 79 79 43 39 39 12 12 12 14 14 14 14 14 14 14 25 17 4 23 39 39 39 39 43 79 79 24 79 111 153 144 148 187 78 34 217 208 208 233 240 247 254 254 252 250 254 250 243 245 245 241 246 236 246 235 224 224 224 219 200 99 73 90 59 11 7 10 10 4 4 4 7 7 7 4 4 4 4 4 4 2 2 2 2 9 37 17 2 2 2 2 9 55 11 2 2 2 2 2 2 2 2 25 31 111 
65 95 86 196 226 215 225 225 116 72 59 42 22 15 10 6 4 9 6 7 25 232 226 233 226 216 216 216 216 216 208 208 208 208 208 208 78 78 92 33 85 226 226 226 226 232 232 236 220 13 86 111 148 233 233 233 156 72 230 254 242 236 225 247 252 252 250 248 253 250 249 231 227 225 219 219 212 219 219 199 198 184 116 68 59 11 15 10 10 4 4 7 7 7 7 7 4 4 4 4 4 4 4 4 2 2 2 4 22 29 5 2 2 12 85 80 3 2 2 2 2 2 2 2 0 66 55 65 
181 200 144 200 159 128 105 80 59 31 20 15 6 4 4 4 4 13 4 4 10 217 236 227 231 237 241 240 240 240 240 240 240 240 240 240 156 220 154 156 151 236 238 240 240 240 240 240 249 233 249 242 182 254 253 242 119 42 217 252 242 231 221 237 246 251 246 234 234 184 164 178 219 219 212 203 212 205 180 164 173 59 42 15 7 6 4 4 4 4 7 7 7 4 4 4 4 4 4 4 2 4 2 4 4 2 2 2 2 4 10 7 13 36 111 46 2 2 2 2 2 2 2 2 1 9 197 122 
158 153 80 144 87 87 73 59 22 6 3 2 2 4 4 4 2 9 4 2 4 126 242 227 231 243 240 248 248 248 249 249 250 250 250 250 191 253 248 223 221 250 253 253 253 254 254 254 254 254 254 229 217 254 254 235 61 18 217 250 242 155 147 182 225 184 116 101 101 101 101 158 204 205 199 215 219 212 195 174 93 22 15 10 10 4 2 4 7 7 10 7 4 4 4 4 4 4 4 4 2 4 2 4 4 2 2 2 2 2 2 8 36 22 15 3 0 2 2 2 2 2 12 9 150 13 218 170 
68 48 42 44 58 42 22 6 2 2 2 4 4 4 2 2 2 13 2 2 2 66 248 232 227 227 236 241 241 246 246 246 246 251 251 251 223 251 246 223 221 251 251 251 251 250 250 250 250 250 250 156 246 250 252 239 35 18 217 246 184 71 58 88 98 88 98 98 88 88 82 96 164 198 205 219 219 184 70 59 31 10 10 7 4 4 7 7 7 7 4 4 4 4 4 4 4 4 2 2 4 4 4 2 2 2 2 0 0 2 2 0 2 2 2 0 0 0 0 2 2 85 156 25 153 4 168 188 
13 34 20 15 22 15 10 4 2 4 4 2 2 2 2 2 2 4 2 4 2 25 230 238 227 227 232 241 243 248 249 250 250 250 250 250 214 253 249 156 114 252 253 254 251 251 234 234 222 155 164 70 164 230 250 242 33 15 44 70 63 72 65 82 82 82 72 67 67 67 67 74 74 178 200 105 70 31 15 15 6 7 4 4 4 10 7 4 4 4 4 4 2 2 2 2 2 2 2 2 2 2 4 2 2 2 2 2 0 2 4 0 0 0 2 0 0 0 0 2 85 219 171 4 16 2 25 80 
4 24 6 10 7 7 4 4 4 2 2 2 2 2 2 2 4 4 4 4 2 66 217 242 231 227 227 237 241 248 249 250 250 252 252 254 235 251 246 76 44 202 202 155 116 87 88 88 72 72 88 63 58 168 246 224 33 10 24 41 49 63 67 67 63 63 63 63 57 51 51 51 42 59 26 15 15 15 6 6 4 4 2 4 4 4 4 4 4 4 4 2 2 2 2 2 2 2 2 2 2 2 2 2 2 2 2 2 0 2 21 0 0 0 12 0 0 0 1 13 114 219 134 5 2 2 9 95 
2 60 2 2 2 2 2 2 2 2 2 2 2 2 2 2 2 4 4 4 2 43 66 202 155 202 202 202 202 234 234 234 222 222 202 155 89 116 87 124 7 44 87 82 67 72 59 58 42 42 58 24 22 22 105 219 20 18 29 45 37 36 49 49 51 51 51 49 51 37 29 29 20 14 18 15 4 4 4 4 4 2 2 4 4 4 4 4 4 2 2 2 2 2 2 2 2 2 2 2 2 2 2 2 2 2 2 2 2 2 21 0 0 0 21 2 0 12 106 18 25 184 64 19 2 2 2 114 
12 21 7 4 2 2 2 2 2 2 2 2 2 2 2 2 2 7 4 4 4 122 13 104 71 37 37 20 29 29 44 58 59 68 82 71 40 58 68 156 21 13 42 58 42 29 20 15 15 18 47 15 6 7 25 200 14 24 37 49 34 18 29 29 29 36 37 29 20 20 18 18 18 15 4 4 4 2 2 2 2 2 2 4 4 4 4 2 2 2 2 2 2 2 2 2 2 2 2 2 4 4 2 4 2 0 2 2 0 2 21 0 0 0 4 5 43 181 153 5 15 94 47 19 2 0 2 85 
151 139 106 106 106 106 95 69 27 27 27 12 12 12 12 12 12 23 12 12 12 47 23 68 71 37 29 18 15 15 15 22 22 22 22 8 6 15 24 179 6 2 10 10 10 10 6 6 4 9 40 11 2 4 9 191 14 25 45 36 37 29 20 18 18 18 15 15 18 30 30 29 22 11 4 2 2 2 2 2 4 4 4 4 4 2 2 2 2 2 2 2 2 2 2 2 2 2 2 2 2 2 4 4 2 0 0 0 0 2 21 0 0 0 9 49 68 161 112 19 4 21 55 24 0 0 0 25 
182 215 215 216 216 192 192 149 90 98 149 95 90 90 82 88 98 93 68 82 73 128 109 125 93 32 20 15 4 4 4 4 4 4 4 2 2 2 13 179 4 2 2 2 2 2 2 2 2 25 31 2 2 2 25 191 15 50 62 37 29 29 29 29 29 30 37 37 26 22 15 14 7 4 2 2 2 2 2 4 4 4 4 4 4 2 2 2 2 2 2 2 2 2 2 2 2 2 2 2 4 7 4 7 2 0 0 2 0 2 21 0 0 2 2 42 65 158 139 47 2 8 26 2 0 0 0 9 
218 219 227 232 232 232 226 226 175 175 185 174 175 169 145 123 149 165 135 135 123 123 175 175 120 47 18 14 4 4 2 2 2 2 2 2 2 2 9 179 4 2 2 2 2 2 2 2 2 60 5 2 2 2 25 156 15 85 93 41 29 15 15 15 18 15 15 15 15 10 7 7 6 4 2 2 4 4 4 4 4 4 2 2 2 2 2 2 2 2 2 2 2 2 2 2 2 2 1 7 7 7 4 7 2 2 4 4 4 2 21 2 2 2 1 23 42 38 42 47 2 2 15 2 0 0 0 0 
218 219 224 227 232 232 232 224 183 187 195 180 167 169 174 185 181 181 178 181 184 172 172 172 171 112 35 6 4 2 2 2 2 2 2 2 2 2 9 179 2 2 2 2 2 2 2 2 1 19 3 2 2 2 66 78 15 22 100 95 17 7 4 10 10 10 10 6 7 7 7 4 4 2 4 4 4 2 2 2 2 2 2 2 2 2 2 2 2 2 2 2 2 2 2 2 2 4 7 7 7 7 7 7 2 2 4 4 3 2 21 2 2 2 9 54 69 20 22 48 2 0 2 2 0 0 0 0 
182 203 219 224 231 231 231 209 175 123 128 101 108 86 93 98 131 99 73 140 181 172 177 192 181 91 71 14 4 2 2 2 2 2 2 2 2 2 4 179 4 2 2 2 2 2 2 2 9 16 2 2 2 2 126 78 10 2 8 114 91 34 14 4 4 4 4 4 4 4 4 4 4 2 4 2 2 2 2 2 2 2 2 2 2 2 2 2 2 2 2 2 2 2 2 2 4 4 4 4 4 7 7 7 4 4 4 4 0 2 21 2 2 2 126 179 126 61 6 24 5 0 0 0 0 0 0 0 
182 201 193 205 212 219 212 215 215 215 199 199 181 181 181 181 181 146 192 192 192 192 174 108 72 62 41 41 20 14 7 2 2 1 1 1 1 4 9 179 2 2 2 2 2 2 2 2 25 17 2 2 2 2 126 46 4 2 2 2 13 23 15 7 4 4 2 2 2 2 2 2 2 2 2 2 2 2 2 2 2 2 0 2 2 2 2 2 2 2 2 2 2 2 2 2 4 4 4 4 7 7 7 4 4 4 4 2 0 2 21 2 2 2 25 171 52 167 17 25 5 0 0 0 0 0 0 0 
144 198 199 180 177 210 210 189 189 180 180 177 185 174 169 175 161 169 177 177 180 177 164 145 132 149 110 71 55 30 20 30 30 41 57 55 58 45 50 200 12 12 12 12 12 1 1 1 21 4 1 12 43 4 217 33 4 2 2 2 4 104 55 17 2 2 2 2 2 2 2 2 2 2 2 2 0 2 2 2 2 0 0 2 2 2 2 2 2 2 2 2 2 2 2 2 4 4 4 4 7 7 7 7 7 4 4 2 0 2 21 2 0 0 2 114 47 114 171 39 19 0 0 0 0 0 0 0 
168 180 181 186 201 204 204 199 167 145 157 164 164 164 164 177 164 164 116 105 116 105 128 125 167 112 103 129 208 208 77 77 95 55 106 95 65 57 86 171 77 77 73 77 106 95 79 79 79 106 196 187 228 61 218 15 9 79 43 43 39 74 103 47 2 2 2 2 2 2 2 2 2 0 2 0 2 0 0 2 0 2 2 0 2 2 2 2 2 2 2 2 2 2 2 2 2 4 4 7 7 7 10 4 4 4 4 2 0 2 21 0 0 0 2 66 150 52 185 171 19 2 0 0 0 0 0 0 
182 204 215 215 224 224 209 171 128 131 137 121 130 130 132 127 88 90 98 110 110 108 99 131 134 105 233 249 251 155 54 69 86 86 123 123 123 123 135 174 175 185 180 189 175 175 205 204 181 164 155 116 80 151 200 6 25 194 186 183 169 124 96 62 11 2 2 2 2 2 2 0 2 0 2 0 2 2 0 0 2 0 0 2 2 2 2 0 2 2 2 2 2 2 2 2 4 4 4 7 7 10 7 7 4 4 4 2 0 2 21 0 0 0 2 66 209 165 218 226 47 2 0 0 0 0 0 0 
182 177 185 186 204 215 215 195 174 149 175 161 149 158 159 149 128 128 62 96 130 169 174 180 149 118 202 202 155 40 50 161 192 215 215 199 186 181 186 195 189 195 193 199 195 193 116 86 123 175 208 200 91 175 64 4 66 205 195 199 193 171 62 32 7 4 2 2 2 2 2 0 0 0 2 0 0 0 0 0 0 0 0 2 2 2 2 2 2 2 2 2 2 2 2 2 4 4 4 7 10 7 7 4 4 4 4 2 0 2 21 2 2 2 2 66 172 133 83 83 11 2 0 0 0 0 0 0 
182 181 194 186 177 177 140 177 172 181 199 181 174 175 190 189 189 216 208 197 175 180 181 186 183 175 154 150 79 79 154 175 154 150 123 123 117 102 135 183 169 186 204 192 181 172 139 182 224 223 164 153 75 183 10 4 126 195 189 189 189 174 80 59 29 15 14 7 7 4 2 2 2 2 2 2 0 2 0 0 0 0 0 0 0 2 2 2 2 2 2 2 2 2 2 2 4 4 7 10 10 10 7 10 2 2 2 0 0 2 8 2 0 0 2 85 154 154 76 28 5 0 2 0 0 0 0 0 
182 204 199 205 209 174 175 197 150 175 189 189 189 185 180 185 204 204 219 119 44 226 197 161 205 203 216 189 189 195 181 210 224 219 188 216 189 189 189 204 189 189 216 209 189 208 123 87 200 116 58 59 50 165 79 43 151 204 210 180 174 80 11 7 4 4 4 6 4 4 4 2 2 2 2 2 2 2 2 2 2 2 2 2 2 2 2 2 2 2 2 2 2 2 2 2 4 4 4 4 7 7 4 7 2 2 2 2 2 2 2 2 2 0 1 38 38 38 68 44 16 1 9 95 79 79 79 27 
158 177 177 180 164 193 201 210 204 204 204 184 202 204 204 219 209 203 183 124 75 193 183 175 189 203 204 224 219 227 224 224 224 224 226 224 224 227 216 224 227 219 232 237 246 238 225 150 42 20 23 23 126 219 205 205 74 105 116 116 116 87 45 23 12 12 12 7 2 2 2 2 2 2 1 12 2 2 2 2 2 2 2 2 2 2 2 2 2 2 2 2 2 2 4 4 4 4 4 7 7 7 4 4 4 4 7 12 5 7 17 2 2 2 4 2 9 23 44 47 20 5 4 4 8 8 8 8 
182 199 215 215 226 216 195 216 226 216 216 208 216 216 216 193 195 181 186 205 216 226 209 226 224 216 226 226 216 224 209 212 219 216 204 210 225 231 225 232 232 231 225 236 236 232 226 233 208 233 226 216 216 226 203 205 142 175 175 192 192 192 216 175 175 175 216 197 79 79 79 79 79 43 124 39 43 43 43 39 48 12 12 12 12 2 1 2 2 2 2 2 2 2 2 2 2 4 2 4 4 7 4 4 10 4 18 20 10 20 11 2 2 2 2 2 25 98 6 44 27 14 2 2 4 6 2 2 
158 190 205 205 199 185 204 204 212 219 225 219 210 210 210 186 190 187 192 174 178 210 210 210 178 219 225 200 210 163 221 231 236 236 231 225 227 232 231 232 232 226 208 226 226 226 232 231 225 225 225 227 238 236 231 226 232 227 236 232 236 232 226 233 233 216 216 219 210 225 210 219 224 224 221 226 226 226 226 216 129 142 175 123 150 151 154 154 79 43 43 39 12 12 43 12 12 12 12 12 12 12 12 12 12 12 14 14 7 10 4 1 1 1 1 1 22 38 7 1 25 45 95 12 12 12 12 12 
158 175 189 189 167 138 159 169 169 169 185 174 185 215 183 187 194 149 165 187 195 219 209 215 215 209 204 215 224 224 204 184 184 186 201 215 204 225 231 236 236 236 238 231 225 231 231 225 202 225 227 227 231 232 232 227 226 226 216 216 224 210 224 225 225 210 210 210 198 224 216 227 209 199 196 225 225 200 184 163 163 178 204 165 169 144 181 139 192 161 203 165 175 150 150 123 79 123 77 75 161 174 181 181 173 161 171 161 120 150 123 175 161 150 175 197 175 175 175 175 150 150 123 175 180 175 183 165 
218 215 215 226 226 226 226 216 216 193 216 192 189 216 216 216 224 216 186 164 172 193 183 189 189 177 187 165 189 216 189 180 169 177 189 203 190 199 199 204 204 225 225 219 189 219 189 192 215 215 225 225 224 210 209 189 216 219 219 194 215 227 219 219 210 219 210 224 232 214 189 227 226 173 158 189 209 203 216 219 212 216 216 215 199 197 175 189 186 215 204 215 199 172 172 205 204 210 163 149 164 164 177 185 192 185 132 149 123 146 163 169 186 169 186 187 186 180 185 180 164 181 187 201 181 164 177 159 
182 212 205 219 210 194 210 204 219 219 194 194 186 198 219 194 199 203 216 208 208 216 216 219 212 201 205 184 205 174 195 198 204 225 224 224 205 212 194 190 177 204 195 195 203 194 189 195 193 204 184 204 219 219 221 240 214 219 199 203 190 201 200 164 169 137 164 164 181 184 184 181 184 204 219 224 225 224 226 219 224 216 201 196 216 210 204 204 204 190 192 209 216 197 175 209 190 205 189 189 189 189 203 189 189 161 174 177 175 175 198 195 167 177 188 183 135 185 203 199 183 169 164 164 120 134 140 177 
182 204 204 204 204 210 186 198 204 204 224 216 199 204 204 215 189 189 210 225 225 194 216 216 189 210 186 177 189 189 189 204 185 205 186 200 177 188 215 215 188 212 201 204 219 205 203 175 175 185 189 189 189 203 236 231 210 180 181 169 183 180 203 209 189 175 123 196 216 215 216 175 175 165 175 180 172 189 185 189 187 186 186 181 164 161 99 105 140 164 181 215 204 184 193 210 203 194 204 204 210 219 224 219 219 215 224 219 219 224 219 215 226 209 212 193 212 212 209 189 195 183 175 190 174 165 169 201 
182 204 219 226 226 226 215 215 215 215 194 158 189 203 189 178 194 189 203 205 216 216 224 227 225 224 209 204 219 184 184 172 205 224 219 199 61 114 215 204 215 173 199 215 216 219 194 210 205 190 199 204 200 230 200 178 183 116 114 199 186 203 193 189 189 216 212 181 199 193 205 203 205 203 209 194 187 198 212 205 205 195 185 189 175 150 150 150 149 123 102 80 31 66 164 172 172 181 187 205 204 204 189 189 185 195 181 184 200 184 142 133 117 155 172 204 204 219 219 204 204 212 205 183 187 190 193 203 
182 181 215 232 224 209 205 203 212 205 215 212 193 212 201 205 216 224 227 231 227 226 205 219 219 226 226 224 219 209 177 185 215 215 216 216 197 154 216 205 189 175 175 196 219 201 205 216 194 189 189 195 197 208 192 189 209 175 154 175 189 189 193 186 193 187 216 216 190 159 177 199 181 194 180 195 180 181 184 205 205 201 201 188 186 186 186 190 174 186 199 189 150 175 175 76 158 167 175 175 185 180 185 177 134 164 157 174 167 181 192 208 195 192 192 192 180 183 185 185 181 199 190 174 177 181 181 180 
144 135 175 181 181 203 198 205 203 219 219 210 198 212 189 216 184 172 215 224 219 219 210 225 225 225 225 225 227 227 225 225 227 227 232 231 231 227 227 227 226 232 226 226 226 226 204 184 198 226 226 226 224 224 204 184 210 219 219 201 189 189 189 195 201 186 198 204 209 215 187 215 219 205 216 216 216 216 215 216 216 216 219 197 189 189 192 205 204 181 204 199 194 181 185 89 140 163 169 169 181 180 174 149 123 149 169 172 172 164 204 207 226 188 178 184 116 102 116 159 182 167 109 158 186 131 180 186 
144 181 203 209 180 163 169 198 205 216 216 201 203 184 116 145 154 154 181 199 178 225 227 219 215 200 192 216 219 219 224 227 226 224 232 232 232 231 226 216 210 184 155 225 224 227 231 224 224 189 223 204 215 216 186 204 219 224 224 204 204 219 216 219 224 203 216 215 183 189 189 216 216 216 219 212 197 203 215 224 219 210 189 203 212 212 215 192 192 192 192 189 201 175 187 175 149 169 189 189 189 185 195 165 174 149 175 175 149 149 123 151 210 189 175 123 79 86 123 123 123 77 77 111 93 87 135 175 
