212 219 219 212 212 205 205 201 205 219 224 227 224 219 190 120 57 63 72 72 82 82 82 82 82 72 90 107 107 127 132 138 157 143 167 145 145 145 143 167 157 157 157 167 167 157 167 157 167 167 167 167 167 157 145 145 157 157 157 157 167 167 157 157 174 145 145 159 143 157 136 143 143 143 132 132 127 109 98 72 96 158 185 201 212 209 193 193 201 205 205 201 201 201 201 201 205 205 212 205 221 248 252 254 253 191 72 82 101 109 109 115 125 109 115 115 127 125 127 127 132 132 125 127 101 107 221 224 
205 212 212 201 205 201 201 201 205 219 224 227 224 219 183 103 51 58 67 82 72 72 72 82 82 82 82 101 109 125 127 131 145 145 145 145 146 145 143 157 157 167 157 167 157 157 157 157 167 157 157 157 167 159 145 145 143 159 145 157 157 157 145 157 167 145 137 143 138 143 132 143 143 137 136 132 115 108 98 82 96 131 177 193 212 212 195 195 193 201 205 201 201 201 201 201 201 205 205 205 198 247 252 254 253 239 77 82 101 101 109 115 115 109 115 125 127 127 121 127 127 132 132 127 110 125 155 83 
205 205 205 205 205 205 201 201 203 219 224 227 224 209 174 99 51 49 63 67 72 72 72 72 72 82 82 98 115 125 127 132 136 143 137 143 143 145 143 143 157 157 157 157 157 145 157 157 157 157 157 145 146 145 145 143 143 145 136 145 145 157 143 145 143 145 145 143 136 132 132 132 138 136 132 132 127 108 98 82 72 96 169 186 205 212 205 201 205 205 205 205 205 201 205 201 201 199 201 201 195 221 249 252 254 249 156 72 82 101 109 109 109 109 109 115 127 127 127 121 125 132 132 146 132 64 11 4 
205 205 205 205 205 205 201 205 219 224 224 224 224 209 174 103 51 49 63 72 82 82 72 72 72 72 88 98 101 125 125 132 132 137 143 157 157 143 145 143 143 157 157 157 157 157 157 157 157 157 146 157 157 157 145 145 143 143 143 145 157 167 145 145 143 143 157 145 143 137 132 143 132 143 136 145 125 109 98 90 82 73 131 185 201 212 212 212 212 212 219 212 205 205 205 201 205 193 193 201 195 193 230 250 254 254 239 92 82 88 101 107 109 110 109 115 109 127 125 125 132 136 146 159 59 15 7 7 
201 205 205 205 205 205 201 212 219 224 224 219 219 201 174 93 51 49 63 67 72 82 72 72 72 72 90 98 108 115 125 131 136 143 136 145 143 157 145 146 157 157 157 157 167 157 157 157 145 157 145 157 157 157 159 145 143 157 145 143 167 169 157 157 145 157 145 132 143 145 132 132 143 145 132 143 132 115 98 98 82 72 107 177 193 205 219 219 212 219 219 219 212 212 205 201 201 201 195 195 193 190 221 247 252 254 253 220 72 82 101 101 115 109 125 115 115 127 125 132 143 157 159 59 6 7 7 4 
201 205 205 212 212 205 201 212 224 219 219 219 219 205 174 120 51 49 63 72 82 72 72 72 72 72 88 98 107 109 127 127 136 143 145 145 143 145 145 145 146 145 143 157 145 143 145 145 145 157 145 146 145 143 145 145 145 143 132 143 157 167 167 145 145 145 145 145 143 137 132 132 132 137 132 132 127 121 112 98 82 72 96 158 190 205 219 219 212 212 219 219 212 205 205 205 201 193 193 193 193 193 186 230 250 254 254 239 150 82 98 101 101 115 109 109 109 136 136 146 167 159 59 11 7 7 7 7 
195 205 212 212 212 205 212 219 224 224 219 212 212 205 174 99 51 49 63 72 72 72 72 72 72 82 82 98 109 109 125 132 138 132 137 143 136 143 136 143 143 145 143 157 145 137 143 157 167 145 137 132 132 132 132 132 132 132 132 132 138 138 157 145 157 157 137 132 137 132 132 136 132 132 136 137 127 127 127 88 82 72 96 158 185 203 219 219 219 212 212 212 212 205 205 205 201 195 201 195 195 190 185 198 247 252 254 253 220 77 82 101 125 110 127 109 109 121 136 157 159 59 15 4 4 4 7 10 
205 212 212 212 212 212 219 224 224 219 212 212 219 212 174 93 51 49 63 72 82 72 72 72 72 82 82 98 107 115 115 132 132 132 132 132 136 143 143 143 143 143 145 143 143 136 137 157 157 157 132 127 109 127 125 136 132 132 125 132 136 145 143 138 145 145 137 132 136 136 132 132 132 132 136 136 132 112 108 108 88 82 96 146 177 201 212 219 212 212 212 212 212 212 205 205 205 205 205 201 195 193 186 180 230 250 254 254 253 156 82 98 107 115 109 109 125 131 146 159 59 6 4 7 7 7 10 7 
205 205 212 212 219 219 224 224 224 219 212 212 219 209 174 91 51 49 63 67 72 82 72 72 67 72 82 98 107 115 127 125 132 136 137 136 132 136 136 143 145 137 157 145 143 145 136 143 157 145 137 127 127 109 127 125 136 121 121 115 132 145 143 136 157 145 136 132 136 132 132 132 132 127 132 132 132 121 108 98 90 82 96 131 177 193 205 212 212 212 212 212 212 205 212 205 205 205 205 205 201 201 190 180 187 237 252 254 254 239 120 82 98 101 115 121 132 146 159 64 6 4 7 7 10 10 7 10 
205 212 219 219 219 224 224 219 219 212 205 212 212 209 174 91 51 49 63 67 72 67 72 72 72 72 82 98 101 109 109 115 125 132 132 137 132 125 132 136 132 145 132 136 143 157 143 136 145 132 132 127 127 125 127 128 121 109 109 115 125 137 137 145 145 145 132 136 143 132 132 127 132 132 132 132 127 125 108 108 98 82 96 131 169 185 193 201 205 212 205 205 205 205 205 201 205 205 205 201 201 190 190 186 177 221 249 254 254 253 220 67 82 98 115 115 146 133 59 6 4 4 14 14 14 7 10 4 
212 219 219 219 224 224 219 212 212 212 212 212 219 205 174 93 45 49 63 72 72 72 72 72 67 72 82 98 108 109 115 127 127 115 132 132 127 132 136 136 137 136 138 136 136 145 145 136 137 136 132 145 132 125 127 108 109 109 108 101 109 121 136 143 143 132 136 132 138 146 132 143 132 132 132 132 121 109 108 101 98 88 96 131 169 185 190 199 201 205 205 205 205 205 201 201 201 205 201 201 193 186 186 180 177 177 230 252 254 254 239 120 72 82 98 115 137 59 6 4 4 7 14 10 10 7 7 4 
212 212 212 224 224 212 201 199 205 219 219 212 219 205 174 93 45 49 63 67 72 72 72 72 72 72 82 98 107 109 115 127 127 132 132 125 132 136 136 145 145 125 146 143 146 137 137 132 157 132 132 143 149 149 175 196 216 208 208 208 123 115 101 128 115 125 132 132 136 145 145 137 132 137 132 132 127 121 101 98 98 82 90 131 169 180 185 186 193 205 205 201 201 201 201 201 201 201 201 190 190 180 180 180 180 180 221 249 254 254 253 220 77 90 98 121 59 6 7 4 7 10 14 14 10 7 4 7 
212 212 219 224 219 199 186 186 198 219 219 212 219 205 174 91 51 49 63 63 72 72 72 72 72 73 98 98 107 109 115 127 132 132 132 132 136 143 143 136 132 137 132 146 145 136 137 132 149 175 185 195 185 216 219 224 232 231 232 231 236 233 208 150 108 107 115 121 138 145 145 132 132 132 132 132 121 109 101 98 88 82 82 131 169 180 180 185 190 193 201 201 195 201 201 201 201 193 190 186 180 180 180 177 177 177 180 230 252 254 254 253 156 90 108 59 6 4 4 4 10 10 15 10 4 4 7 4 
212 219 224 224 209 186 167 169 198 219 219 219 219 209 174 93 45 41 57 67 72 67 72 72 72 82 90 108 109 115 115 125 132 132 125 136 143 137 136 137 137 137 136 132 132 132 136 180 177 193 174 185 193 219 219 224 231 231 227 227 232 232 237 241 239 150 98 107 115 132 132 136 132 125 121 121 109 109 101 98 98 82 90 131 169 185 180 180 186 193 201 201 195 193 193 193 193 190 185 180 180 177 177 177 177 177 177 178 247 254 254 254 239 120 59 6 4 7 7 7 14 10 7 7 7 7 7 4 
212 219 224 219 194 159 121 158 203 219 219 219 219 212 183 91 37 36 57 63 63 67 67 67 72 72 82 98 101 109 115 121 127 121 115 132 132 132 137 137 127 132 175 175 159 128 157 177 177 177 185 190 185 203 212 219 224 231 227 227 232 236 236 241 243 243 220 123 101 121 128 121 115 127 115 115 101 101 98 88 88 82 98 131 169 185 185 180 185 190 193 195 195 190 186 185 186 185 185 180 180 177 177 177 177 177 177 169 230 252 254 254 253 156 6 4 4 4 10 10 10 10 7 7 10 7 4 7 
212 224 224 205 173 80 96 169 203 224 219 219 219 212 183 91 45 36 51 58 67 63 67 63 67 72 82 98 101 101 109 109 115 127 127 127 132 132 127 135 146 184 181 164 132 115 131 167 159 157 177 177 193 193 215 219 224 224 232 232 236 236 237 238 241 241 245 239 150 98 101 109 109 109 109 109 108 98 98 82 82 72 82 131 169 185 185 180 185 190 185 193 193 195 185 180 177 180 185 180 180 180 177 177 177 180 180 169 187 247 254 254 254 78 2 4 4 7 10 10 10 4 7 10 7 4 7 14 
224 227 219 194 120 51 68 169 203 224 224 219 219 209 174 93 37 36 41 57 57 63 63 67 67 72 82 82 98 101 101 101 127 115 125 127 127 127 115 196 87 115 115 109 109 121 138 157 137 157 167 169 180 187 201 203 226 227 227 236 237 236 238 238 238 241 243 243 243 197 92 82 101 98 101 101 101 98 88 82 82 72 82 131 169 185 190 185 180 180 180 180 186 193 190 177 177 180 185 180 180 180 177 180 177 180 180 180 180 198 252 254 191 11 4 4 7 14 10 10 7 4 7 7 4 7 10 4 
224 224 205 159 59 29 73 169 203 224 219 219 219 205 174 93 32 36 49 57 63 63 63 63 67 72 82 82 98 88 101 108 109 109 121 125 127 127 135 116 90 107 109 115 127 110 146 167 143 146 167 157 169 177 198 212 224 227 227 231 236 236 238 241 238 243 243 245 243 245 239 150 67 72 82 98 98 98 88 82 82 72 82 131 177 193 193 190 185 180 177 169 169 186 190 180 180 180 185 180 180 180 180 180 180 180 185 185 185 195 230 222 16 4 4 4 7 7 10 7 7 10 7 4 7 18 6 2 
224 219 194 99 42 36 73 158 203 224 224 219 219 209 174 91 29 36 49 57 63 67 67 63 67 63 82 82 98 98 98 107 109 109 115 127 127 135 173 98 98 88 90 101 136 127 137 138 157 169 145 169 169 177 185 198 219 219 227 236 236 237 241 241 241 243 243 243 243 245 246 239 150 77 58 72 88 88 82 82 82 67 73 111 187 195 205 195 190 180 167 137 138 169 190 185 180 185 185 180 180 177 180 180 180 185 185 190 190 205 152 11 4 4 4 10 14 10 6 4 10 10 7 10 18 11 2 12 
219 199 159 59 41 36 96 158 203 224 224 224 219 205 174 93 37 36 41 63 67 63 63 67 67 72 72 90 90 98 98 101 108 108 115 109 127 158 103 88 82 90 107 101 115 136 125 145 145 157 167 167 169 169 186 190 212 224 232 236 238 236 238 241 241 243 241 238 237 240 249 252 254 253 156 58 72 72 67 72 72 67 82 111 177 193 205 205 201 183 159 99 88 131 177 190 185 185 186 180 180 180 180 180 180 185 185 190 203 173 16 4 4 4 7 10 10 6 4 10 10 7 7 13 17 4 25 175 
205 183 91 42 41 41 96 169 203 224 224 224 219 209 174 91 37 36 49 57 63 63 67 63 67 72 82 90 90 98 101 107 109 115 109 110 132 134 88 82 90 107 108 110 121 121 115 121 132 157 157 167 157 181 169 193 212 224 236 236 236 236 238 241 238 236 238 244 250 250 252 252 254 254 239 52 58 67 67 67 67 63 73 111 177 193 201 201 201 190 159 62 42 74 158 186 190 180 185 180 180 180 180 185 180 185 190 195 194 46 4 4 4 7 10 10 10 4 7 10 7 7 14 24 11 30 151 205 
186 134 51 41 49 49 96 158 203 224 224 224 219 201 159 93 45 36 49 57 63 63 63 72 67 67 73 82 98 98 101 107 115 109 127 127 137 88 82 90 107 101 110 109 108 108 107 136 145 169 167 167 167 169 169 187 205 224 232 236 236 241 235 227 240 244 250 249 250 250 249 250 250 254 254 220 37 49 63 63 67 63 73 107 169 193 201 195 201 190 159 62 15 44 111 169 185 185 180 185 180 180 180 180 180 186 190 205 119 6 4 4 7 10 10 10 4 7 10 7 7 14 18 20 30 151 190 186 
157 80 41 49 51 41 96 169 198 219 224 224 219 201 159 93 37 36 49 57 63 67 67 72 67 67 82 82 98 101 101 115 109 109 109 137 88 82 82 98 96 108 101 107 98 110 131 121 146 169 167 169 177 177 185 185 205 219 232 231 231 225 226 248 250 249 249 248 249 249 249 249 250 252 254 253 156 36 49 58 63 57 67 107 177 193 205 201 195 190 174 93 11 13 68 131 185 190 180 180 180 180 180 185 185 185 195 153 11 12 7 7 10 10 10 7 7 15 7 7 13 18 29 41 135 190 183 167 
88 42 49 51 51 41 73 158 203 219 224 224 219 209 159 71 37 36 49 63 63 63 63 67 67 72 72 82 98 101 101 101 109 125 125 103 82 90 98 98 101 108 98 88 90 131 143 143 169 169 180 180 185 177 174 185 203 224 227 225 203 244 249 248 248 250 249 248 245 248 249 252 250 252 254 254 253 61 29 41 49 49 63 111 177 193 205 201 201 190 174 91 11 4 44 96 169 186 185 180 180 180 180 180 185 190 199 46 4 4 7 7 10 10 6 4 14 6 7 7 10 20 49 106 185 186 174 195 
42 41 49 57 51 41 73 158 198 219 224 224 219 201 159 80 32 36 49 63 67 63 63 67 67 72 72 82 98 101 98 108 109 125 120 98 98 88 98 98 101 98 110 107 115 132 138 157 169 169 177 177 174 169 177 185 198 224 184 233 243 248 248 249 248 248 243 245 249 248 248 248 249 250 250 252 254 239 150 29 36 42 56 111 177 193 201 205 201 195 174 91 11 4 15 58 131 177 190 180 180 177 180 185 190 201 119 6 2 4 14 14 10 7 4 13 10 4 10 10 18 24 111 185 190 177 203 212 
41 49 49 49 51 49 73 158 198 219 224 224 219 209 159 93 45 36 49 57 67 67 67 63 72 67 72 82 98 101 107 101 109 146 103 82 96 98 90 98 98 98 101 109 146 145 149 169 169 169 177 169 167 157 169 177 181 189 233 243 241 245 245 245 245 248 245 245 248 249 249 249 249 250 250 250 252 254 254 220 20 29 56 111 177 193 201 201 201 201 174 71 17 4 4 24 74 157 186 185 180 177 180 185 195 173 16 4 4 7 14 10 10 7 7 15 7 7 10 10 18 85 169 180 186 203 219 219 
41 49 57 57 51 49 96 158 198 219 219 219 219 205 174 93 45 36 49 57 63 63 67 63 67 67 72 82 98 101 101 98 129 153 67 72 82 98 88 98 98 98 108 115 143 157 177 180 157 177 174 174 157 140 157 145 208 232 241 245 241 241 238 241 237 243 249 249 249 249 249 249 250 249 250 249 250 252 254 253 78 18 49 96 169 193 201 201 201 201 174 93 19 4 4 4 44 96 169 185 180 169 177 185 190 46 4 4 4 10 10 14 10 7 10 7 7 10 6 14 50 187 180 169 187 219 219 219 
49 49 51 49 51 49 68 158 198 219 219 219 219 209 174 93 45 36 41 57 63 63 67 67 67 67 82 82 98 98 98 88 217 119 67 82 82 88 90 98 102 107 115 127 143 169 181 145 157 169 169 145 134 105 129 221 237 240 238 238 241 238 237 240 243 245 248 249 248 249 248 249 249 249 249 249 249 252 254 254 239 35 36 96 169 193 201 205 201 190 174 91 17 7 4 4 10 44 105 189 216 183 189 190 119 6 4 4 10 14 10 10 7 10 10 7 14 10 4 50 161 186 174 187 212 219 219 212 
57 49 51 49 51 41 68 158 193 219 219 219 219 209 174 93 45 36 49 57 57 63 67 67 63 82 82 82 96 98 88 86 242 91 72 72 82 90 98 88 107 108 125 146 167 167 169 167 167 169 133 128 103 151 227 238 236 237 238 236 231 232 241 245 245 243 248 249 248 248 248 248 248 248 249 250 249 250 252 254 254 156 24 96 169 193 193 201 201 201 174 91 17 4 4 4 2 28 233 253 251 240 244 220 16 4 7 7 14 10 10 15 10 10 7 10 6 4 30 151 190 174 187 203 219 212 212 201 
49 49 51 49 51 41 68 158 198 219 219 219 219 209 174 93 32 36 41 49 57 57 63 57 63 72 72 82 82 82 72 126 229 93 67 73 82 98 90 98 107 108 138 157 169 157 164 146 169 134 99 104 196 232 232 235 231 227 231 232 238 238 241 243 243 245 243 245 248 241 245 249 249 249 248 249 249 250 250 252 254 239 23 68 158 193 201 201 201 201 174 80 19 4 4 2 43 244 246 243 250 254 254 253 35 4 7 10 10 10 14 10 10 10 10 15 7 9 85 190 180 177 203 219 212 212 212 205 
49 49 57 57 57 49 68 158 198 219 224 219 219 209 174 91 32 29 36 57 63 63 63 63 67 67 72 82 90 88 72 217 223 91 67 73 82 107 98 101 101 125 146 134 128 104 161 157 127 103 129 196 232 231 219 227 231 227 226 231 236 238 241 241 243 243 241 238 240 248 248 249 248 248 248 248 249 249 249 250 252 254 156 56 158 198 201 205 201 199 171 71 11 2 4 79 244 235 244 254 254 254 254 254 78 4 4 10 10 10 7 7 7 7 10 10 7 50 187 186 177 203 212 219 212 212 212 205 
49 57 57 57 57 51 73 158 193 219 224 224 219 205 174 93 37 29 36 57 63 67 63 67 67 67 72 82 98 98 73 247 214 62 63 72 90 88 73 101 130 138 128 109 135 159 128 121 88 129 221 232 227 219 226 224 226 231 231 232 237 241 236 237 238 236 240 245 245 245 241 248 248 248 248 248 249 249 249 249 250 252 239 92 158 198 205 205 205 194 159 62 11 9 154 249 225 244 254 252 250 250 250 254 191 4 4 7 10 10 7 7 4 7 10 10 13 151 201 180 187 212 212 212 212 212 212 205 
57 63 63 63 63 63 73 158 198 219 224 224 219 209 183 93 37 29 41 57 63 63 67 67 67 72 82 82 98 82 75 249 200 71 72 82 67 73 98 125 128 121 108 109 157 149 143 88 129 215 224 219 219 213 224 232 236 227 232 238 236 236 237 231 227 238 241 245 243 241 245 243 248 245 246 241 243 248 249 249 249 249 252 239 149 185 201 205 201 186 120 32 43 233 246 232 244 252 250 249 248 249 252 254 191 2 7 14 7 4 4 4 7 10 6 4 85 195 186 187 212 212 212 212 212 205 201 205 
63 63 67 63 63 57 73 158 198 219 224 224 224 209 183 93 37 37 49 63 67 67 67 72 67 72 82 90 98 88 126 242 153 62 63 67 73 98 99 96 103 110 125 136 134 115 91 151 215 201 199 198 225 216 227 227 232 237 227 231 236 231 225 226 236 238 236 241 243 243 245 245 245 242 224 241 248 248 248 248 248 248 249 252 239 185 195 193 190 174 129 208 249 241 240 250 250 249 249 248 249 250 254 254 156 4 7 10 14 7 7 7 10 10 2 25 187 190 185 203 212 212 205 205 205 205 205 193 
63 67 67 67 67 63 73 158 193 219 224 224 224 219 183 93 37 36 49 57 67 67 72 67 67 67 72 82 88 67 217 242 139 93 63 72 72 67 90 108 101 125 137 105 109 98 151 203 201 186 189 184 196 227 227 231 227 224 232 231 231 224 226 236 236 236 237 236 237 241 245 248 235 226 238 241 245 245 245 245 245 243 245 248 249 214 201 190 186 208 244 246 238 240 250 250 249 248 248 248 249 252 254 254 78 4 10 7 10 7 4 7 10 7 9 151 201 186 203 219 212 212 212 205 205 205 201 195 
63 63 63 67 67 63 96 158 203 219 224 227 227 219 183 91 37 36 49 57 67 63 67 67 63 67 72 82 72 62 217 235 159 93 72 72 72 72 73 73 107 99 104 125 98 175 190 186 186 188 163 203 219 219 227 224 224 226 232 231 212 232 227 227 231 231 232 232 232 238 225 231 232 236 236 236 241 243 243 241 241 241 238 238 241 239 186 216 244 246 241 238 249 249 248 248 248 248 249 249 249 252 254 254 46 10 10 10 7 4 4 7 10 14 50 187 186 185 203 212 212 212 205 212 205 201 201 193 
63 67 67 63 67 63 96 158 203 224 224 227 227 224 183 93 37 36 58 57 63 67 63 63 63 67 67 72 72 63 247 235 183 103 72 73 72 82 90 98 108 104 132 103 151 185 193 174 181 163 190 205 219 219 203 224 232 224 209 216 227 227 232 227 227 227 231 240 238 231 232 236 238 232 238 241 241 238 236 236 238 237 236 237 236 241 233 248 241 241 248 249 249 248 248 248 248 249 249 245 249 252 254 255 11 4 10 10 7 4 7 7 14 30 151 190 185 203 212 212 212 212 205 205 201 205 201 201 
63 63 63 63 63 67 96 158 198 224 227 227 227 224 183 93 37 36 49 57 63 63 63 63 63 63 67 72 67 75 250 231 190 149 110 90 72 82 88 87 121 115 103 151 193 180 177 173 142 185 193 201 199 203 226 227 225 209 226 227 227 227 227 227 227 224 227 231 232 236 231 231 236 237 238 238 236 231 227 236 236 231 231 224 237 243 238 241 245 249 249 245 248 248 245 248 249 249 242 237 249 250 254 229 2 4 7 7 7 4 10 10 13 85 190 186 187 212 219 212 212 212 205 212 205 205 205 201 
63 63 63 63 63 63 73 158 198 224 227 227 227 224 183 93 45 36 49 57 63 63 63 67 63 63 72 72 67 75 250 231 189 169 146 99 72 72 73 96 99 87 135 177 181 177 173 135 185 193 201 174 185 198 219 224 194 221 231 224 224 227 231 227 225 227 224 227 231 227 232 236 231 237 238 231 232 232 227 227 231 219 226 244 238 232 243 249 249 248 245 245 248 245 248 249 249 246 224 224 245 245 252 78 4 4 7 10 6 7 10 7 25 182 194 185 203 212 219 212 212 212 205 212 205 212 205 205 
63 63 63 63 63 63 73 158 203 224 227 227 224 219 183 93 37 36 49 63 63 67 67 63 63 63 67 72 67 75 249 231 212 185 174 149 80 57 73 101 88 135 177 167 177 173 104 185 195 186 186 195 199 180 199 187 224 227 219 224 224 219 224 219 224 219 224 204 224 227 227 231 236 231 231 227 227 236 227 219 224 233 246 236 243 248 248 245 241 241 245 245 248 248 248 249 249 235 212 226 184 237 242 16 4 14 10 6 4 7 7 30 85 193 186 203 212 212 212 212 212 212 212 205 212 212 205 205 
63 57 57 57 57 63 96 158 203 224 224 224 224 219 183 93 45 36 49 63 63 63 63 63 63 63 67 67 57 126 242 231 212 194 169 159 82 63 82 72 151 177 159 169 164 104 169 177 186 177 181 177 203 194 187 215 212 212 224 219 219 219 216 224 219 210 216 219 224 224 227 224 227 227 224 227 224 224 219 233 238 232 240 248 249 248 243 241 241 243 245 248 248 248 249 249 242 203 227 194 196 237 191 2 4 10 6 4 7 7 13 50 187 186 185 203 219 212 212 212 212 212 212 205 205 212 205 201 
63 57 57 57 57 63 96 169 203 224 224 224 224 224 183 93 45 36 49 63 63 63 63 63 63 67 67 67 51 126 243 236 209 201 174 174 108 82 67 130 177 167 167 116 107 169 180 183 169 164 169 195 181 187 212 201 203 212 204 199 215 219 219 194 189 219 219 224 219 224 224 224 219 219 224 219 209 216 236 231 232 243 245 246 238 241 241 243 243 248 248 248 248 249 250 250 225 221 194 215 204 247 78 4 7 7 10 7 10 7 24 151 199 180 195 212 212 212 205 205 212 212 205 205 205 205 205 201 
57 63 63 63 63 72 96 158 203 224 227 227 227 224 194 91 45 36 49 57 63 63 63 63 63 63 63 63 51 126 249 238 227 219 183 185 139 62 111 169 137 167 116 110 161 169 181 169 138 146 195 164 187 215 201 184 172 172 199 173 149 117 114 212 219 212 215 212 219 212 219 219 219 219 188 195 233 236 232 240 245 243 238 238 238 243 243 245 248 248 248 248 249 249 250 242 203 194 155 87 221 242 11 4 10 10 6 18 10 14 50 187 186 185 205 212 212 212 205 205 205 205 205 205 205 205 205 201 
63 63 63 63 63 72 96 169 203 224 227 227 227 224 194 93 32 29 49 63 63 63 63 63 63 63 67 63 45 126 250 243 227 219 199 195 171 90 121 132 146 134 107 161 177 167 173 142 157 180 164 187 195 173 94 123 95 77 74 87 189 197 92 116 172 207 189 183 172 204 173 64 114 194 189 232 225 232 248 245 243 241 241 241 243 245 248 248 248 249 249 249 249 250 242 219 155 54 56 151 244 191 2 4 7 7 7 10 10 13 151 199 185 203 212 212 212 205 205 205 205 205 205 205 205 205 201 195 
63 63 63 63 67 73 107 169 203 224 227 227 227 224 194 93 32 29 41 57 63 63 67 63 63 63 63 57 45 126 250 243 238 224 181 181 183 88 109 107 133 96 158 177 167 134 125 146 167 164 161 177 173 142 169 116 87 59 42 25 204 204 159 100 99 42 74 83 59 26 15 38 9 221 223 219 233 243 245 241 243 243 241 241 245 248 248 248 248 249 249 249 249 234 184 70 41 57 129 244 242 16 4 7 7 4 7 10 7 50 187 186 187 212 212 212 212 212 205 205 205 205 205 201 201 201 201 201 
63 72 67 63 67 82 107 177 203 224 227 227 227 224 194 120 32 36 41 57 63 63 63 67 63 63 67 63 51 66 250 245 243 214 133 144 120 90 107 99 73 146 167 167 133 130 146 157 159 158 177 159 103 161 134 106 71 106 71 44 87 133 70 32 28 53 31 29 7 4 4 12 151 225 221 240 245 243 243 241 243 243 241 243 245 245 248 245 249 249 249 222 155 70 57 49 65 129 233 246 46 4 7 7 7 7 10 4 9 151 190 180 203 219 212 212 212 212 212 205 205 201 201 205 201 201 199 199 
63 72 67 63 72 82 107 169 203 224 227 227 227 224 194 91 32 36 49 63 63 63 63 67 63 67 63 63 51 44 247 249 248 223 120 151 174 110 99 73 135 169 167 134 110 146 167 145 135 169 159 103 161 134 104 99 59 38 15 22 50 86 63 69 63 32 15 21 6 2 9 196 147 233 238 241 243 241 241 241 241 241 241 241 243 245 248 248 249 234 70 57 51 49 69 106 196 233 229 16 4 4 7 7 7 10 14 4 25 187 186 187 219 219 219 212 212 212 212 205 205 205 201 201 201 201 201 190 
72 72 67 63 67 82 96 169 203 224 224 227 227 224 194 91 45 29 49 57 63 63 63 67 63 63 63 63 57 37 217 248 245 235 159 177 174 134 73 96 167 167 134 110 132 157 137 142 174 167 91 130 133 70 26 28 32 15 10 28 77 64 26 56 59 45 11 21 2 50 196 163 233 241 231 236 241 238 238 238 238 238 241 241 243 245 248 234 155 139 62 57 69 129 175 226 232 242 46 4 7 10 10 4 4 14 15 14 85 190 180 203 219 219 219 219 212 212 212 212 212 205 205 205 201 205 201 190 
72 72 72 67 67 72 107 177 203 224 224 224 224 224 194 120 45 29 41 57 57 63 63 63 63 63 67 67 63 45 126 249 243 238 197 170 173 103 96 161 167 133 104 136 143 131 121 157 167 169 93 133 26 28 41 16 10 7 7 85 64 11 28 48 36 16 4 48 43 213 163 233 241 236 232 236 236 236 236 238 238 238 241 243 245 242 155 51 82 158 175 175 216 224 224 232 242 46 4 7 14 10 10 7 7 10 6 25 158 186 187 219 219 219 219 219 219 212 212 212 205 201 205 205 205 205 201 190 
72 72 72 67 67 72 96 169 203 224 224 227 227 224 194 120 45 36 49 57 57 63 63 67 63 63 63 67 72 51 66 249 248 242 224 209 171 73 136 167 134 86 125 132 131 112 161 123 77 105 91 26 20 29 15 7 15 4 25 46 15 9 59 77 16 30 9 129 184 129 233 245 236 232 236 236 231 231 231 238 238 238 241 241 155 28 23 124 90 111 215 224 224 224 232 242 46 4 4 7 10 10 7 4 10 10 7 85 186 180 203 219 219 219 219 219 219 212 212 212 205 205 205 205 201 201 201 190 
72 82 72 67 67 67 96 158 203 224 224 227 227 224 194 120 32 29 41 57 57 57 63 63 63 63 63 72 72 67 51 217 250 242 221 227 89 130 139 137 82 136 132 108 115 135 164 133 45 26 36 29 37 15 10 60 4 9 37 11 14 24 22 32 25 46 85 184 129 244 243 238 236 232 232 231 227 232 231 237 241 238 238 153 23 36 71 114 110 99 186 219 227 237 223 16 4 4 7 10 14 14 7 4 10 7 13 111 177 177 219 224 224 219 219 219 219 219 212 212 212 212 205 205 205 201 201 190 
82 82 72 72 63 63 73 158 203 224 227 227 227 224 194 120 32 29 41 49 63 63 63 63 63 63 63 72 72 72 62 74 247 245 240 223 142 137 143 103 110 137 149 125 107 157 110 99 58 42 28 41 11 4 25 47 4 13 31 7 14 10 25 19 85 79 91 129 237 241 241 236 231 232 236 231 224 232 232 236 236 236 241 226 76 44 77 65 160 108 182 221 240 155 16 4 4 7 10 10 10 7 7 7 10 13 50 157 137 187 224 224 219 219 219 219 219 219 212 212 212 212 212 205 205 201 201 190 
72 82 72 72 67 57 73 158 203 224 227 227 227 224 194 120 32 29 41 49 63 63 63 63 63 67 63 72 82 82 72 51 168 249 241 220 169 108 99 96 143 134 101 135 136 123 80 31 29 36 56 32 14 7 25 47 13 19 10 10 22 22 25 29 58 111 129 224 236 236 238 231 227 231 227 227 227 231 236 238 241 243 248 240 150 45 44 62 44 167 158 225 119 6 4 4 7 10 14 14 14 7 7 7 10 18 85 159 146 221 224 224 219 219 219 219 219 219 219 212 212 212 212 205 205 201 201 190 
82 72 72 67 63 51 68 158 198 224 227 227 227 224 194 120 32 29 36 49 63 63 63 63 63 63 67 72 90 88 82 62 126 254 248 229 134 121 77 110 128 104 161 145 91 111 59 20 15 10 36 20 17 10 17 50 34 4 7 7 7 4 9 55 34 85 196 221 232 236 231 224 227 227 227 227 227 232 241 243 243 245 245 243 214 62 17 24 45 111 177 183 47 4 4 4 14 10 14 14 10 4 4 10 10 50 158 127 158 212 224 224 219 219 219 219 219 219 219 212 219 212 212 212 205 205 201 190 
72 72 72 67 63 51 68 158 198 224 227 227 227 224 194 120 32 29 41 57 63 63 67 63 63 63 67 72 90 98 82 62 126 254 250 119 96 101 115 99 86 157 157 128 64 22 18 26 7 7 24 32 41 5 19 25 124 5 7 4 4 1 65 62 106 187 232 232 238 236 224 219 224 231 219 224 232 241 245 248 243 245 248 245 227 91 32 4 42 66 169 183 33 7 4 7 10 14 14 14 10 4 7 6 13 85 167 136 187 212 219 219 219 219 219 219 219 219 219 219 212 212 212 212 212 205 201 190 
72 72 72 67 63 57 68 158 198 224 227 227 227 224 209 120 45 29 41 57 63 67 67 67 63 67 72 82 82 98 88 72 118 252 242 103 82 98 98 104 136 99 105 99 59 4 30 6 4 7 10 29 20 17 21 7 85 26 19 2 1 85 103 196 209 178 231 237 238 227 219 219 232 225 219 227 238 243 243 248 248 249 249 249 239 153 34 4 13 44 193 200 11 4 7 7 10 14 18 15 4 4 7 7 25 158 159 169 195 190 201 212 219 219 219 219 212 219 219 219 212 212 212 212 212 205 201 190 
72 72 72 67 63 57 63 158 198 224 227 227 227 227 194 120 45 29 41 57 63 67 72 72 67 67 67 86 153 98 98 88 72 230 229 90 108 88 86 137 120 62 36 32 20 10 48 4 13 10 7 10 18 15 34 17 66 19 2 2 85 147 196 227 219 187 224 237 231 224 224 224 210 203 224 232 237 245 245 248 248 249 250 250 243 197 45 5 4 18 168 209 17 7 10 10 14 14 18 10 4 7 10 4 50 177 145 203 205 201 190 190 193 199 205 212 212 219 219 219 212 212 212 205 205 205 201 190 
72 72 67 67 63 51 65 158 198 224 227 227 227 224 194 120 45 36 41 63 67 67 72 72 67 67 72 144 98 101 108 101 88 168 239 98 88 104 127 138 134 88 26 14 5 4 47 7 15 14 10 7 14 13 56 54 30 78 2 50 164 182 227 232 226 188 224 237 235 224 219 199 203 224 227 237 241 245 248 248 248 250 250 250 249 214 62 11 2 13 126 200 33 10 10 10 14 18 18 7 7 10 6 9 151 174 169 215 219 205 201 193 190 186 193 193 186 199 205 212 212 212 205 205 201 201 193 190 
72 72 67 67 57 51 56 158 198 224 227 227 227 224 194 120 45 36 49 57 63 67 67 72 72 72 72 107 98 107 108 108 108 107 228 112 86 157 146 159 64 26 10 34 4 4 24 15 13 11 10 13 15 7 26 32 8 47 25 173 151 224 227 238 231 173 226 241 224 219 205 212 224 227 227 236 241 245 248 249 249 249 250 252 250 235 93 17 4 10 66 209 47 7 10 14 15 15 15 7 7 10 6 25 169 167 187 219 219 219 212 205 205 195 195 190 185 185 185 186 193 199 201 201 201 201 201 190 
67 72 67 63 63 51 56 158 198 224 227 227 227 224 209 120 45 36 49 63 67 67 72 72 72 72 82 96 108 98 98 88 96 133 105 88 136 167 138 80 19 21 2 34 13 7 4 28 32 4 7 25 13 17 10 47 2 25 166 129 219 212 224 238 236 197 232 224 205 216 212 219 227 227 232 236 241 245 245 245 248 249 250 250 250 239 153 34 4 4 44 215 61 10 10 15 18 18 14 7 10 7 7 85 169 169 203 219 219 219 212 219 219 219 205 205 190 185 185 185 180 180 186 186 193 201 193 190 
67 67 67 63 63 51 56 158 198 224 227 227 227 227 194 120 45 29 49 63 67 67 72 72 72 67 82 90 101 101 109 109 131 150 158 197 115 143 109 64 14 47 2 81 6 4 30 48 11 4 7 21 4 19 25 11 7 85 86 228 226 219 221 238 238 232 223 172 204 219 219 224 227 232 231 232 237 241 243 243 245 248 249 250 250 242 153 32 4 4 24 218 61 14 18 15 18 15 10 10 10 7 13 158 159 158 212 219 219 212 212 219 219 224 219 212 205 195 190 185 180 180 180 180 177 186 186 186 
67 67 63 63 63 57 63 158 198 224 227 227 227 224 209 120 45 36 41 57 63 72 67 67 67 72 82 98 107 108 108 182 152 16 8 66 208 99 80 16 41 16 9 47 4 10 15 14 4 7 10 21 9 19 21 3 85 94 196 227 236 209 221 241 241 184 54 65 74 105 172 204 227 231 227 227 232 237 243 241 243 245 248 249 246 223 119 15 4 4 21 217 156 15 18 15 18 15 7 10 10 7 50 169 159 187 219 212 212 212 212 212 212 219 219 212 201 205 195 195 190 190 185 177 177 177 177 167 
67 67 67 67 67 57 56 158 198 224 227 227 231 227 209 120 45 36 49 57 63 72 67 67 67 67 73 96 98 107 135 178 156 14 4 168 155 59 34 24 53 4 30 81 2 13 15 18 17 6 4 24 30 18 6 25 153 196 224 236 242 205 232 241 184 161 190 192 150 55 23 44 114 225 227 227 227 237 241 238 241 241 246 222 155 70 55 23 7 4 13 126 153 14 18 18 18 10 7 10 14 7 85 167 146 203 219 212 212 212 205 205 205 212 212 205 201 201 201 201 205 201 195 185 180 174 167 145 
63 72 72 72 67 51 56 131 193 224 227 227 227 227 209 120 45 36 49 63 72 67 67 67 63 67 72 82 82 158 195 185 197 79 35 111 76 26 15 50 17 25 19 66 5 13 6 9 47 2 4 4 22 15 1 166 182 227 232 243 235 221 242 147 105 105 105 114 184 105 86 55 55 111 204 219 224 237 243 238 238 223 116 65 71 100 70 42 14 4 13 126 153 17 13 18 18 7 10 10 10 18 111 159 158 212 212 212 205 205 205 205 205 205 212 205 205 201 201 201 205 205 201 190 190 180 167 145 
67 67 67 67 63 51 56 158 198 224 227 227 227 227 209 139 45 29 41 57 63 72 67 67 67 63 63 129 175 185 201 201 210 172 119 8 6 23 50 64 24 56 11 13 19 25 4 4 68 17 4 7 4 4 85 142 228 227 241 243 232 229 54 42 22 15 15 10 15 6 38 111 110 125 177 205 219 237 243 243 235 152 38 22 10 10 15 18 11 4 13 126 153 33 13 18 15 7 7 10 4 25 169 145 187 212 212 205 205 205 205 201 205 205 205 205 201 201 201 201 201 205 195 185 186 180 177 167 
63 63 63 57 51 37 41 111 198 224 227 227 231 224 194 120 45 29 41 49 63 67 63 63 63 51 75 233 223 177 193 173 171 33 26 2 60 26 53 24 41 85 11 13 13 25 5 4 8 68 27 5 2 9 152 196 227 232 245 243 229 54 15 10 10 7 7 28 154 35 4 25 138 136 169 186 219 237 249 242 119 11 14 30 35 7 10 15 7 4 13 66 156 32 18 15 10 7 7 10 7 85 174 169 203 212 205 201 201 201 201 205 201 205 201 201 201 201 201 193 193 190 186 180 177 177 169 167 
63 57 57 57 51 37 36 111 198 224 227 227 232 227 194 120 45 36 49 57 63 63 63 63 57 51 66 236 197 185 193 120 153 15 4 30 16 24 11 25 71 81 7 6 4 25 33 4 4 7 10 11 12 85 129 235 232 237 248 242 89 32 10 13 34 30 9 52 247 239 35 55 96 107 157 177 221 247 252 191 17 17 13 87 197 17 7 10 7 7 13 66 191 51 24 15 7 7 10 7 13 111 174 187 212 205 205 201 201 201 201 201 201 193 201 201 201 193 193 186 190 186 180 169 167 157 145 145 
63 63 63 51 51 37 36 111 198 224 232 232 231 227 209 120 45 36 49 63 72 72 72 73 71 26 25 156 221 239 176 16 11 4 30 31 13 15 20 50 71 76 4 7 7 10 48 7 4 7 4 4 9 71 196 216 233 245 242 147 104 95 55 13 73 52 29 126 249 248 156 73 90 108 131 177 221 247 250 89 76 49 37 126 209 33 7 4 4 4 21 66 200 41 36 15 7 10 14 4 25 169 174 187 212 205 205 201 193 193 195 201 201 195 201 201 193 190 190 185 180 177 169 159 145 146 175 216 
67 67 63 51 51 37 36 111 198 224 232 232 231 231 209 120 51 41 57 72 82 82 90 26 15 69 154 226 247 222 16 17 12 43 71 8 9 24 42 75 61 124 17 7 6 4 10 14 7 7 2 9 166 151 214 232 245 242 147 110 125 169 165 55 74 130 175 230 246 235 189 142 139 107 136 158 221 252 242 93 111 150 151 225 153 19 14 14 7 7 21 66 209 45 48 14 7 7 14 7 50 169 169 203 205 205 201 201 193 201 212 201 201 201 193 193 190 186 186 180 177 169 167 161 189 216 226 232 
67 72 67 51 51 29 36 111 198 224 232 232 236 231 209 139 51 41 63 72 88 88 122 12 106 192 164 172 155 14 7 68 52 28 19 4 25 25 32 56 94 91 69 11 4 4 7 4 7 4 2 50 94 228 227 241 242 147 96 146 169 180 180 174 149 110 96 159 163 198 225 194 128 136 136 158 221 247 253 219 180 159 105 64 31 30 34 10 7 10 21 25 228 61 34 10 7 7 10 25 111 167 187 212 205 201 195 195 193 193 204 193 193 201 199 190 185 180 169 169 167 169 189 226 232 236 238 236 
67 67 63 51 41 29 24 111 198 224 231 232 236 231 209 159 45 36 57 72 82 82 111 175 197 173 54 24 32 6 7 13 160 130 71 11 9 20 69 53 68 130 64 12 4 7 7 7 7 2 9 133 151 224 236 245 119 65 131 169 185 190 195 189 180 180 161 185 189 216 205 194 146 167 145 146 221 247 253 226 195 174 159 112 77 65 45 14 4 10 20 25 228 76 21 10 7 13 6 25 157 145 198 205 201 201 193 193 195 193 190 193 190 193 186 186 180 177 169 167 169 216 232 238 241 238 238 236 
63 51 51 37 37 20 18 111 187 224 232 232 236 231 209 159 45 36 49 72 82 82 96 164 116 59 39 53 15 7 34 50 62 22 48 4 13 34 22 113 64 58 53 6 7 4 4 7 7 4 85 94 221 236 248 119 56 90 131 169 193 205 219 219 216 216 216 226 224 224 219 194 161 174 145 143 198 247 253 238 224 201 174 145 108 98 62 15 7 13 15 25 227 76 21 10 4 10 4 50 167 169 203 205 205 195 193 193 193 193 190 193 190 186 185 180 180 169 157 175 226 238 243 241 241 238 238 236 
49 57 41 37 29 20 18 75 187 224 232 232 236 231 209 159 51 36 57 67 82 104 135 129 192 133 155 31 14 24 45 97 69 60 11 4 10 44 55 55 86 166 54 23 5 7 4 7 4 9 152 151 232 243 191 18 68 107 136 169 187 205 219 224 227 227 226 224 224 227 219 190 177 174 143 132 187 247 254 238 227 209 180 167 145 112 71 15 7 14 15 25 221 156 15 13 4 7 7 85 167 187 212 205 201 195 195 190 195 193 190 190 186 185 180 177 169 167 169 221 241 245 245 241 241 238 238 238 
41 51 37 37 29 18 18 111 187 224 227 231 236 231 209 159 45 36 49 86 130 164 164 133 54 30 32 15 18 36 50 86 133 16 7 4 4 10 36 38 46 4 85 93 11 4 7 4 4 85 103 221 241 229 16 24 73 110 136 169 186 203 219 227 227 227 231 227 227 227 219 195 186 174 157 137 187 247 254 242 224 212 183 167 145 127 93 15 10 18 17 9 221 171 10 4 7 7 9 158 167 187 212 205 201 201 195 195 190 193 190 185 185 180 180 169 167 167 221 238 243 243 243 243 241 241 243 243 
37 37 29 29 20 15 18 111 187 224 227 232 231 231 209 139 45 36 49 72 82 107 91 42 49 45 23 18 65 31 85 116 20 17 4 7 7 7 13 15 19 2 75 142 33 4 4 4 9 133 182 238 241 46 7 36 96 115 136 167 177 193 212 224 227 231 232 227 227 224 212 190 186 177 159 146 187 230 254 242 219 212 190 174 145 132 62 15 10 13 19 9 218 187 5 4 14 7 25 169 169 203 212 201 201 201 190 190 190 186 186 190 180 180 177 167 145 187 237 243 241 241 243 243 243 245 248 248 
29 29 29 20 20 15 18 75 187 219 227 227 227 227 209 159 45 36 57 67 82 88 62 106 64 50 59 65 31 14 44 93 33 14 7 10 7 7 10 17 15 4 68 114 124 5 2 2 85 103 221 245 191 4 10 24 96 125 138 167 177 185 201 212 224 227 231 227 224 219 209 180 177 167 132 138 177 221 254 242 219 205 190 174 145 127 47 6 7 13 19 4 218 198 35 4 15 7 85 169 187 224 205 201 201 195 193 190 186 185 186 180 180 180 169 157 158 232 243 243 241 241 243 245 248 249 249 248 
29 29 29 29 20 15 13 75 187 219 227 227 232 227 209 159 45 29 111 63 129 192 152 16 50 153 60 16 25 34 85 124 47 10 14 11 4 4 9 23 17 30 151 76 114 78 2 9 133 151 248 229 16 9 17 24 73 107 143 157 177 186 201 212 219 227 224 227 224 219 201 174 167 159 132 131 169 221 252 242 219 205 186 169 145 112 33 4 14 18 19 4 168 185 61 4 10 9 111 169 198 212 212 205 201 195 190 190 185 185 180 180 177 177 167 157 221 237 243 241 241 241 245 249 250 249 248 245 
29 29 29 20 18 14 13 75 187 219 227 227 227 227 209 159 45 29 114 123 116 107 47 25 99 58 28 18 57 48 97 111 84 15 10 7 2 4 24 71 18 75 168 220 13 46 2 66 103 217 246 46 2 9 17 24 73 115 138 146 169 185 193 203 212 219 224 224 219 219 190 167 145 145 127 115 158 221 247 253 212 201 185 174 145 91 19 7 13 20 19 4 168 188 78 4 4 25 158 169 203 212 205 193 201 195 193 190 185 186 185 180 177 169 167 187 232 243 243 241 241 245 249 249 250 250 249 248 
37 29 29 29 15 7 10 75 187 219 227 227 232 227 209 153 45 29 49 86 101 130 64 30 54 57 32 48 75 31 48 182 40 17 4 7 7 4 24 29 85 91 28 38 4 4 12 97 135 242 119 2 2 9 33 36 73 107 136 157 167 177 190 195 201 205 212 219 219 201 180 134 131 157 132 127 157 198 247 254 214 199 190 167 137 91 11 7 13 20 15 2 126 194 124 4 4 50 177 177 212 205 201 201 193 193 199 190 190 190 185 180 174 167 157 221 241 243 243 243 245 249 250 249 249 249 249 249 
41 37 29 20 18 7 13 75 187 224 227 227 232 231 209 139 45 50 106 103 82 98 33 36 50 64 32 20 81 13 76 168 61 47 13 15 7 4 24 81 38 116 26 3 2 9 196 150 151 216 46 2 4 9 45 24 73 107 136 143 169 177 180 193 193 205 212 212 212 201 180 103 131 169 169 159 131 198 247 254 194 190 180 159 127 46 4 7 13 20 15 4 66 209 153 5 4 85 180 187 212 205 201 190 193 190 190 193 190 190 185 180 174 159 187 232 245 243 243 245 249 249 249 249 249 249 250 248 
37 36 29 29 18 14 13 111 187 219 227 227 232 231 209 159 62 59 58 63 82 99 32 24 75 62 11 85 54 14 81 66 78 84 7 14 18 2 6 14 28 53 11 4 2 126 226 232 231 119 3 2 4 9 45 36 73 107 131 143 167 177 180 190 195 195 205 212 212 201 180 120 146 64 83 105 109 158 230 242 194 185 180 159 99 11 4 10 13 20 11 4 25 219 171 11 9 158 180 198 212 201 201 193 193 190 193 186 185 186 180 180 169 145 198 237 245 243 243 248 249 249 249 249 249 250 250 249 
37 29 29 29 20 18 24 111 193 219 227 227 232 231 209 159 62 36 49 63 82 93 41 36 74 31 9 97 28 33 68 75 124 66 5 8 28 35 2 8 85 16 7 7 12 168 225 237 152 2 4 4 4 9 62 56 73 107 125 143 157 169 185 186 190 195 201 205 212 205 190 165 131 95 106 95 65 131 221 235 209 180 169 145 46 7 7 10 18 20 11 7 9 215 169 19 25 187 180 203 205 201 193 190 190 190 190 190 185 180 180 180 174 167 221 241 245 245 248 249 249 249 249 250 250 250 250 248 
37 29 29 29 20 20 56 158 203 224 224 227 227 231 209 171 62 36 49 63 96 93 11 24 29 7 60 31 37 34 68 75 114 118 35 4 66 124 5 9 26 12 49 129 150 74 129 223 6 4 18 11 4 9 91 49 90 107 125 143 138 167 177 185 185 190 201 205 212 205 195 190 174 146 167 165 175 233 238 224 199 180 167 99 11 7 7 14 24 29 15 7 9 218 167 19 85 185 185 212 205 201 195 195 190 190 193 185 185 180 180 177 167 169 232 243 243 245 249 250 249 249 249 250 250 250 249 249 
37 29 37 29 20 24 56 158 203 219 224 227 232 231 209 171 62 36 49 63 86 173 11 24 28 85 31 10 29 44 59 96 75 148 124 14 25 64 14 15 9 123 175 221 89 75 228 46 10 10 14 14 7 9 88 57 96 125 132 146 157 169 177 177 180 190 201 205 212 205 201 195 190 180 203 240 221 243 241 224 190 180 167 64 10 7 7 18 24 24 15 15 4 168 174 45 111 180 187 205 201 201 193 195 190 190 186 185 185 185 180 177 157 187 237 243 243 248 250 250 249 249 250 250 250 250 250 249 
29 20 20 20 18 18 56 158 203 224 224 227 232 231 219 171 62 29 41 73 166 103 20 24 81 16 17 14 20 20 32 68 42 104 139 40 76 26 4 12 126 201 232 191 57 126 46 4 7 7 10 15 7 9 82 63 96 109 132 136 157 169 177 177 180 180 190 193 193 201 190 190 190 195 221 248 231 248 243 209 186 174 133 11 7 7 7 18 36 20 18 10 4 126 173 65 158 180 198 205 201 195 190 190 190 185 180 185 180 180 180 177 159 187 237 243 245 249 250 249 249 249 250 250 250 250 250 249 
20 20 20 20 18 20 56 158 203 219 224 227 232 231 219 171 45 29 49 151 87 91 18 56 64 7 24 20 20 34 20 44 17 68 102 129 46 4 50 77 111 221 223 70 75 152 4 14 10 10 10 20 7 7 67 62 73 107 136 137 157 169 177 177 169 177 177 186 186 186 186 186 193 203 232 249 236 248 243 209 177 169 64 4 7 7 10 18 36 20 18 14 4 126 183 75 169 185 203 201 201 193 190 190 185 190 185 185 180 180 180 167 145 198 237 245 249 250 250 250 250 249 249 250 252 250 250 250 
15 18 18 20 18 20 56 158 203 224 224 227 232 231 219 171 62 29 85 89 73 76 15 25 47 14 20 18 24 55 55 37 49 17 70 144 35 25 100 226 233 242 89 63 166 16 4 36 7 7 14 29 11 7 57 51 56 107 132 143 143 167 169 177 169 169 169 164 169 177 177 177 181 184 184 210 225 210 210 184 158 159 16 4 10 7 10 20 36 29 20 11 2 66 153 118 180 185 203 205 201 193 190 185 193 186 190 185 180 180 177 167 145 221 237 248 249 250 250 250 250 250 250 250 252 252 252 250 
10 15 18 20 18 20 56 158 203 224 227 232 231 231 219 171 45 50 91 49 151 76 14 19 26 18 20 14 25 95 67 55 20 68 65 44 58 166 142 237 249 119 67 151 46 4 4 13 5 7 13 18 19 4 48 45 56 96 131 145 136 157 169 177 180 180 91 52 74 105 105 105 87 70 87 128 116 62 86 86 169 64 4 7 7 7 14 20 29 36 11 20 4 66 171 167 185 185 205 205 195 195 190 190 190 186 190 180 180 180 180 167 136 221 243 249 250 250 250 250 250 250 250 252 252 252 252 250 
10 14 15 18 18 36 56 158 203 224 227 231 232 231 209 171 69 133 42 75 173 47 18 14 10 15 21 21 25 153 58 67 71 49 54 23 50 175 159 247 229 67 151 152 7 7 4 13 11 10 14 18 19 7 32 42 41 73 109 127 125 137 167 169 185 180 149 127 95 106 110 149 135 175 175 208 208 174 161 174 173 16 7 10 7 10 18 18 32 36 17 21 4 25 183 180 190 190 205 201 193 195 195 190 185 185 186 185 185 180 174 159 138 221 248 250 252 250 250 250 250 250 252 252 252 252 252 250 
10 15 15 18 15 36 63 158 203 224 227 231 232 231 224 165 133 31 41 151 88 59 23 47 6 7 34 24 25 153 17 58 69 57 20 58 149 190 142 228 94 151 223 16 10 10 4 4 10 7 14 18 20 7 20 37 24 68 98 101 115 121 143 157 177 185 180 167 132 131 125 137 187 210 225 225 225 174 185 180 46 4 4 10 4 10 14 13 32 37 14 24 7 25 209 185 190 193 205 205 201 201 201 195 190 190 186 180 186 180 177 159 131 221 249 252 250 250 250 250 252 252 252 252 250 250 250 249 
10 10 10 15 14 36 63 158 198 224 232 232 231 231 224 184 45 20 85 119 73 33 50 46 7 9 33 37 126 119 76 50 22 104 86 93 182 183 178 191 151 223 16 14 10 14 14 10 10 14 15 18 20 7 29 29 18 56 82 88 107 115 138 146 169 177 180 174 157 132 132 128 138 169 181 164 167 185 186 133 11 7 7 10 7 10 14 24 32 37 20 24 7 25 203 193 195 195 205 205 195 201 201 193 190 190 190 185 180 177 174 145 131 230 252 252 252 252 252 252 252 252 252 250 249 249 249 248 
7 10 10 10 13 49 49 158 198 219 231 231 232 231 209 171 45 20 144 67 80 10 66 19 4 25 11 13 168 76 84 107 45 50 157 96 75 140 182 235 232 46 10 10 10 15 7 10 10 10 15 15 18 10 18 24 18 36 58 72 88 101 131 143 157 169 177 169 167 145 145 149 110 125 135 135 187 186 174 31 11 4 7 10 14 10 14 25 32 41 20 24 14 25 218 195 190 201 205 205 201 201 201 205 195 190 190 185 180 177 167 132 131 230 252 254 252 252 252 254 252 250 250 249 249 250 250 249 
7 10 7 7 13 72 73 131 185 219 227 231 232 231 219 171 45 20 144 65 45 18 44 10 4 24 13 14 182 133 92 171 73 64 68 76 66 103 182 240 119 7 10 7 10 14 10 10 10 10 10 15 18 15 13 18 15 24 36 58 82 98 131 136 167 169 169 169 169 169 174 185 189 216 195 205 201 180 64 13 6 4 10 14 14 10 7 25 32 41 20 36 11 13 218 203 186 201 205 205 201 201 201 193 195 190 190 185 180 177 167 127 107 230 254 254 252 252 252 252 252 250 250 250 250 250 250 249 
7 7 7 7 24 72 73 146 187 219 227 227 231 231 209 171 62 20 68 72 32 36 48 7 4 21 10 14 122 67 82 144 110 77 36 139 111 44 178 191 14 7 10 10 10 15 7 10 10 7 7 10 15 15 10 15 15 18 15 36 58 72 107 136 157 169 169 180 185 203 195 203 224 224 219 212 190 190 16 13 4 7 10 15 15 14 7 25 45 41 20 29 18 13 218 212 187 203 205 205 201 199 193 193 193 190 190 180 177 177 167 127 111 247 254 254 252 252 252 252 252 252 252 250 250 250 249 248 
7 7 4 7 24 58 67 158 187 219 227 227 231 231 219 171 45 20 56 52 18 18 47 10 7 21 10 13 81 47 18 68 157 104 95 160 151 55 74 46 19 10 14 10 13 15 7 13 7 10 7 10 14 15 14 15 18 13 17 10 22 58 68 115 138 157 169 186 186 203 224 219 224 219 224 219 190 153 7 15 7 7 10 18 7 15 10 25 45 48 29 29 21 13 218 212 185 205 205 201 190 193 190 190 193 190 186 180 177 169 159 127 158 247 254 254 250 250 252 252 252 250 250 249 249 249 249 246 
7 7 4 7 13 49 73 157 187 219 227 227 232 231 219 171 45 18 56 31 10 18 59 13 14 20 7 4 111 76 13 41 82 100 165 120 177 92 58 17 10 10 10 7 13 18 7 13 7 10 7 7 10 14 14 15 18 13 20 14 7 18 44 74 87 128 140 177 186 193 212 219 224 219 219 209 186 91 7 14 14 14 14 18 14 10 10 56 45 45 36 37 24 13 218 212 181 181 186 186 193 193 193 190 190 190 180 177 169 167 145 108 182 250 254 254 250 252 252 252 252 250 249 249 245 234 155 83 
4 7 4 4 13 56 67 131 198 219 227 227 227 231 219 153 33 50 150 69 7 24 20 18 18 15 7 4 85 139 39 32 68 76 68 111 187 171 175 124 7 10 10 10 18 20 4 18 7 10 10 7 7 10 18 18 18 15 20 34 14 18 23 39 55 65 96 125 157 177 193 203 219 205 201 180 167 64 7 10 14 14 14 18 10 10 13 56 51 41 36 37 24 18 218 199 134 105 140 164 177 181 186 186 190 186 180 177 169 167 137 101 221 252 254 252 250 250 252 250 250 249 246 223 155 16 4 4 
7 7 4 4 10 36 42 111 187 219 227 227 227 227 209 120 129 223 33 81 7 25 32 18 15 13 7 4 85 140 76 34 22 70 85 91 168 124 52 168 150 5 4 7 24 32 4 18 7 7 10 7 7 7 15 15 15 10 13 29 41 73 110 136 157 177 167 169 177 198 205 201 212 219 219 224 232 208 154 39 15 10 10 15 10 10 13 44 45 51 36 34 20 24 209 171 96 88 98 101 128 128 140 164 181 186 177 177 169 145 127 101 230 252 252 250 250 250 250 249 248 235 200 46 4 4 7 14 
14 15 7 7 7 18 29 111 177 219 227 227 227 227 209 208 152 31 28 47 4 9 32 18 15 25 17 7 44 112 140 35 12 111 166 42 74 112 59 44 184 124 7 10 20 32 7 21 7 7 10 7 7 10 10 14 15 14 10 36 56 107 143 132 137 157 167 169 177 186 186 186 186 186 203 227 237 245 248 239 154 35 14 10 7 7 13 56 45 41 29 41 29 25 209 171 110 110 108 98 98 88 88 88 105 128 140 140 140 137 121 107 230 252 250 249 250 250 250 248 238 223 64 6 7 13 30 37 
77 55 23 14 13 15 15 56 158 219 224 224 224 227 226 200 33 30 151 16 4 4 29 12 6 25 47 20 17 66 95 59 100 182 54 49 68 96 62 158 153 66 78 7 18 19 4 21 7 7 7 14 10 7 10 18 14 14 10 24 68 115 115 132 132 138 167 169 169 180 177 177 180 185 221 232 237 245 248 248 248 240 154 35 4 2 13 41 45 41 29 37 20 25 209 159 167 167 159 132 110 90 82 72 67 67 87 72 87 88 80 74 230 250 249 249 250 250 250 242 223 46 7 13 18 36 41 37 
146 139 77 34 30 14 10 24 158 203 224 227 224 231 224 171 62 118 78 4 4 4 13 81 2 13 76 50 19 4 114 113 55 81 44 82 72 111 110 130 113 32 111 35 13 11 4 21 7 7 7 14 14 7 10 14 18 14 7 24 63 98 115 125 136 137 157 169 169 177 177 177 185 203 224 232 238 241 241 245 248 249 249 239 154 5 13 24 45 29 20 29 20 66 194 177 180 169 174 167 157 149 110 90 90 67 63 51 63 102 62 44 230 249 249 250 250 249 246 223 46 7 30 29 29 41 41 41 
157 169 149 95 57 32 7 24 158 212 224 224 227 227 219 171 196 140 16 4 4 2 44 95 43 85 54 22 17 30 32 25 99 31 36 44 108 151 171 139 38 76 25 124 13 14 7 29 14 10 7 10 18 14 10 14 18 32 10 24 63 101 108 136 132 146 169 180 177 174 169 180 193 212 224 232 237 238 241 241 245 248 249 250 250 220 17 13 32 20 20 32 15 66 194 187 190 185 180 169 169 167 159 132 110 90 90 57 96 143 62 50 230 250 250 252 250 249 223 16 7 30 37 29 49 57 51 37 
146 177 190 174 95 45 7 25 158 219 227 227 227 227 209 187 229 52 15 7 7 7 13 10 44 31 22 18 41 59 4 85 15 20 24 57 74 131 167 188 35 66 35 114 35 6 4 21 10 10 7 10 18 10 10 18 20 57 14 24 68 98 131 121 125 169 167 177 177 174 169 185 203 212 224 227 231 236 238 241 243 245 249 250 250 252 220 17 32 15 24 20 11 126 183 187 190 185 180 180 180 169 167 167 132 127 110 98 107 143 93 126 247 252 252 252 249 242 119 7 30 51 41 41 63 62 51 41 
87 158 193 195 174 76 11 24 158 215 227 227 227 227 209 198 191 122 2 4 10 10 20 14 22 6 30 15 4 13 5 44 35 18 29 44 62 75 174 134 113 65 147 40 78 7 6 29 15 10 10 10 18 14 10 20 24 73 19 13 68 108 101 110 167 169 169 177 174 169 180 190 203 219 219 224 227 231 236 236 241 245 248 249 250 252 254 220 15 10 18 18 11 126 177 185 190 186 180 180 180 177 169 167 167 145 132 115 125 157 112 182 249 252 252 252 248 223 33 30 57 49 51 73 88 67 49 57 
22 96 187 219 209 120 11 24 158 219 232 227 232 231 209 198 156 17 4 4 4 9 11 15 7 9 57 18 5 9 19 9 42 17 29 20 68 75 116 158 182 92 44 78 122 2 4 21 14 10 7 10 18 14 7 18 24 98 47 13 56 98 130 159 157 169 169 174 169 177 180 185 193 212 219 224 227 227 232 236 237 241 245 249 250 252 254 253 78 4 13 13 7 168 169 185 186 185 180 180 180 180 177 169 167 145 132 132 146 169 149 230 252 252 252 250 242 119 29 49 51 57 63 90 71 57 63 67 
4 44 182 224 209 171 19 25 158 219 227 231 231 231 219 188 147 48 2 4 7 24 7 10 7 9 81 13 11 4 24 5 32 36 36 55 23 68 75 120 182 119 5 84 217 5 2 18 18 10 7 7 20 10 6 14 50 101 47 4 56 107 146 157 167 167 169 177 177 177 180 186 193 205 212 219 224 227 232 236 237 241 245 249 249 250 252 254 239 17 10 10 4 182 169 190 185 180 180 180 177 177 169 169 167 157 137 128 131 189 216 244 252 252 252 250 223 54 41 51 56 72 90 67 51 63 72 67 
2 13 158 224 224 171 11 9 158 215 232 231 232 231 224 171 105 35 4 4 10 15 7 7 4 9 76 13 19 4 7 42 34 13 36 68 71 36 56 187 187 78 14 66 228 11 2 20 24 10 7 10 15 7 14 13 65 88 47 7 56 109 143 138 167 167 169 177 177 177 186 186 190 201 212 219 224 227 227 232 237 238 245 248 250 250 252 254 254 156 4 4 9 187 169 190 185 185 180 180 177 177 167 169 167 145 127 127 182 226 240 249 252 252 250 248 153 49 57 57 67 82 88 51 49 63 67 67 
2 13 111 224 224 171 11 9 158 221 232 231 231 232 224 183 150 16 7 7 15 10 4 7 4 50 64 4 20 9 7 14 10 13 36 63 62 37 56 177 178 119 7 66 191 4 4 34 24 10 10 10 18 7 10 24 67 73 76 10 56 131 145 143 169 169 169 169 169 177 180 180 185 201 205 212 224 224 227 232 236 238 245 248 249 250 252 254 254 239 5 2 9 186 177 190 190 185 185 180 177 169 157 167 145 137 121 158 233 248 248 252 254 252 250 235 91 49 51 63 82 98 62 51 63 72 63 72 
2 4 111 221 224 171 11 9 158 221 232 231 232 231 224 183 153 11 7 14 4 4 4 4 9 106 64 4 10 13 10 10 7 7 20 44 93 22 25 171 187 87 76 151 165 78 9 32 18 14 14 10 10 14 14 50 90 115 76 9 68 131 157 167 169 169 167 169 167 169 180 180 185 193 201 212 219 224 227 232 236 238 243 248 249 250 252 252 254 254 78 2 25 180 185 190 186 180 180 180 169 169 167 157 132 132 127 221 250 253 249 252 254 252 242 200 62 51 49 73 98 88 51 49 72 72 67 67 
2 4 85 221 227 171 19 9 158 221 231 231 232 231 224 183 91 14 15 4 4 4 4 7 60 54 33 4 7 20 7 4 13 5 21 18 97 55 75 169 173 113 129 200 38 16 13 11 15 15 15 10 7 10 20 75 125 121 64 25 68 125 146 167 169 169 169 169 169 169 180 180 186 190 205 212 219 219 227 232 236 238 241 245 249 249 250 252 254 254 156 2 66 177 187 185 185 180 180 177 177 169 167 157 132 127 109 230 252 252 250 252 254 250 235 120 67 57 57 73 98 62 51 63 72 67 67 42 
2 2 85 221 224 183 19 13 111 221 227 227 227 227 219 183 95 15 6 4 4 7 9 17 11 25 34 7 13 15 4 4 13 11 24 14 22 68 149 158 76 74 114 172 150 79 39 14 15 23 15 14 7 13 36 96 127 125 47 25 73 138 157 157 169 180 167 167 167 169 177 177 180 185 201 205 212 219 224 227 232 237 241 245 249 249 250 252 252 254 239 5 66 177 185 183 180 180 177 177 169 169 167 159 132 127 146 230 252 250 249 254 254 248 200 103 72 63 63 73 88 62 49 63 72 67 51 37 
2 2 66 215 227 194 19 13 111 221 227 227 227 231 224 190 153 15 7 7 4 10 10 10 10 24 26 7 14 13 10 4 13 10 48 10 4 56 116 133 113 47 9 19 24 38 83 100 71 33 14 14 7 24 56 115 132 132 33 24 96 146 167 167 169 177 169 169 157 167 169 177 180 186 193 201 212 219 224 224 231 236 241 245 248 249 250 250 252 254 253 35 85 177 185 190 180 180 177 169 169 177 167 159 132 132 158 247 252 249 249 254 252 242 134 101 82 67 63 82 67 51 49 72 62 57 49 51 
2 2 25 198 224 194 33 13 111 221 227 231 231 231 224 190 119 14 10 4 4 7 10 18 7 13 15 14 7 10 17 4 13 9 42 17 34 56 87 88 74 139 17 19 6 13 15 13 15 38 15 4 13 36 73 115 136 134 19 56 111 157 169 169 177 169 180 167 167 169 169 177 177 185 190 201 205 219 224 224 227 236 241 243 248 249 249 250 252 252 254 78 85 180 190 186 180 180 174 177 169 174 167 145 136 143 146 230 249 248 250 254 250 223 103 98 82 62 63 67 42 49 72 67 63 57 57 57 
2 2 25 187 224 209 47 13 111 203 227 227 227 231 224 188 153 18 7 4 4 12 32 6 4 18 15 10 14 7 21 7 10 24 15 49 8 129 106 112 34 66 124 55 35 13 7 13 15 10 10 4 13 49 90 115 132 91 18 56 131 167 177 177 177 177 169 169 169 169 169 169 177 186 190 193 205 212 219 224 227 232 238 241 245 248 249 250 252 252 252 220 111 177 164 177 177 180 185 180 180 177 169 167 157 167 169 181 225 237 250 254 249 200 98 82 67 57 63 51 36 73 67 62 49 57 63 57 
2 2 25 182 219 209 76 18 111 203 227 227 227 231 224 183 171 24 7 4 13 15 7 7 7 18 15 13 15 15 13 6 9 19 4 50 17 8 38 113 35 24 114 192 16 10 4 14 7 7 4 7 24 73 107 125 127 64 25 96 146 169 169 177 177 180 169 177 174 167 169 169 177 185 185 193 199 205 212 219 224 232 236 241 245 248 249 250 250 252 252 253 161 134 87 105 140 164 177 180 185 180 174 169 169 185 180 174 169 221 252 254 242 171 88 67 51 63 51 37 49 72 62 51 49 57 58 42 
2 2 25 182 224 209 76 18 111 203 227 227 227 232 224 183 134 36 15 4 7 7 7 10 13 18 10 24 11 4 10 4 13 10 14 68 76 15 5 25 31 25 55 81 4 10 4 10 7 4 7 14 36 90 107 125 99 19 36 111 167 167 169 177 180 180 177 177 177 169 169 169 177 180 190 190 201 201 212 219 224 227 232 238 241 248 249 250 252 252 252 254 191 42 44 42 58 74 105 140 140 157 169 177 185 195 180 167 177 244 254 252 235 120 67 42 49 63 32 36 72 67 57 49 63 57 42 18 
2 2 13 182 227 224 124 18 111 198 224 227 231 231 224 183 103 41 19 7 6 4 7 13 11 15 10 18 15 7 4 7 7 30 25 71 140 35 18 18 23 85 22 26 7 4 7 4 4 4 14 29 56 107 108 109 64 9 75 146 167 167 177 177 180 174 177 177 177 169 167 169 169 180 180 186 193 201 212 219 224 224 227 238 241 245 249 249 250 252 252 254 220 36 41 29 29 37 42 42 58 70 87 140 186 205 185 175 187 247 254 242 200 80 42 36 57 42 36 65 62 57 51 63 72 57 32 10 
2 2 9 182 227 224 153 18 75 198 224 227 227 232 224 171 68 51 11 7 4 4 13 15 7 15 10 18 18 15 4 7 14 6 4 24 96 170 76 65 68 17 4 10 10 4 4 4 4 4 18 41 96 101 107 80 11 25 111 167 167 169 169 177 177 177 180 180 169 169 167 167 169 177 180 185 190 193 205 212 219 224 227 236 238 245 248 249 250 252 252 254 239 37 57 57 49 37 23 20 15 15 22 22 87 158 233 209 221 250 252 235 119 32 18 36 42 41 65 72 49 58 49 63 62 51 15 10 
12 14 18 168 227 231 153 20 75 198 224 227 227 236 227 153 75 33 7 7 7 7 10 10 7 14 13 15 15 14 10 4 4 14 7 4 44 160 149 91 69 47 4 10 4 6 4 4 4 13 30 65 98 107 99 16 9 75 143 169 169 169 169 169 177 177 180 180 177 169 169 167 169 169 177 177 186 193 201 212 212 224 227 232 236 241 245 249 250 250 252 254 253 78 63 72 72 57 45 37 17 7 4 4 25 221 248 223 230 252 249 200 31 15 20 37 20 56 72 62 42 41 49 73 62 32 15 7 
49 41 49 158 227 231 183 45 75 198 227 227 227 236 227 153 111 33 4 10 15 6 7 10 7 10 18 13 18 15 7 4 7 13 18 14 7 44 158 150 62 97 7 7 4 4 4 4 4 24 41 90 108 99 26 7 50 130 146 167 169 177 169 177 177 177 180 180 180 177 169 169 169 169 169 177 185 185 201 205 212 219 224 227 236 241 245 248 249 250 250 252 254 156 56 73 82 72 57 49 37 17 7 4 25 230 248 216 247 249 223 46 15 18 29 20 41 73 62 37 36 41 65 88 51 37 20 14 
49 57 73 158 227 236 209 61 75 198 227 231 232 236 227 119 98 32 7 7 7 7 7 10 10 7 7 13 15 13 17 7 13 17 13 17 24 23 30 74 113 17 7 4 4 4 2 4 13 36 65 107 99 16 7 50 107 136 145 167 169 169 169 169 177 177 180 177 180 177 180 169 169 177 177 177 180 186 193 201 212 219 219 227 231 237 241 248 249 250 250 250 252 239 41 63 82 82 67 57 41 29 17 14 25 230 248 243 238 223 64 10 14 20 20 30 65 67 45 29 37 56 90 67 51 37 15 18 
36 73 98 158 227 227 209 62 75 198 224 227 232 236 227 156 97 19 4 7 7 13 7 13 7 4 13 29 17 24 34 4 13 48 14 21 18 31 66 76 22 34 4 4 4 4 2 10 36 56 59 38 11 12 65 90 125 136 157 167 169 169 169 174 177 177 180 180 180 180 180 174 177 177 169 169 180 185 186 193 203 219 224 224 227 236 238 245 248 249 250 252 252 253 61 63 72 72 67 63 57 41 41 41 56 221 250 242 184 59 15 14 20 20 30 65 72 51 29 29 41 73 88 62 51 20 18 20 
22 58 67 111 221 231 209 62 96 187 224 232 232 236 227 156 58 11 4 10 10 13 7 10 17 7 13 44 19 24 57 17 7 21 4 25 35 18 50 160 35 18 4 7 4 4 7 10 22 8 10 12 55 73 107 127 125 157 145 167 169 169 169 169 169 180 177 180 185 185 180 180 180 169 177 177 177 180 185 193 201 212 219 224 227 232 238 241 248 249 250 250 252 252 156 49 63 67 72 72 67 57 65 63 65 207 234 184 42 29 20 29 29 36 65 88 51 29 20 24 65 90 82 62 32 18 20 15 
10 24 49 96 221 227 209 93 96 187 224 232 231 236 227 171 24 7 4 7 7 18 14 14 34 7 13 25 11 24 82 47 6 25 35 13 58 20 68 80 94 17 4 7 7 4 4 7 12 30 41 65 90 109 128 136 137 136 145 157 157 169 169 169 177 177 177 180 185 185 180 180 180 174 177 180 177 180 185 190 201 212 219 224 227 232 236 241 245 248 249 252 252 252 220 36 49 63 72 82 72 73 90 90 90 105 116 51 41 41 41 37 29 49 72 62 29 20 18 56 82 101 82 51 20 15 15 10 
14 18 29 68 221 236 226 120 96 187 224 232 232 236 227 152 18 14 7 10 7 18 15 14 24 7 10 48 4 25 52 124 5 25 76 4 24 47 24 96 52 31 4 7 4 7 14 36 57 73 90 107 115 125 132 136 137 136 136 167 169 167 167 169 177 177 180 177 180 185 180 185 180 185 180 180 180 185 185 190 193 205 212 219 224 227 236 238 241 245 249 250 250 252 239 37 49 63 72 82 90 98 108 98 98 82 67 57 65 72 51 37 41 63 42 29 29 20 30 73 107 99 67 32 15 15 10 10 
10 10 18 50 230 248 243 156 96 187 224 231 231 236 227 76 14 10 10 7 10 15 14 18 13 19 9 76 7 25 47 85 35 8 68 14 9 68 17 44 76 12 4 4 7 14 30 63 82 98 108 101 125 132 136 132 143 146 145 157 167 167 169 169 169 169 177 177 180 180 185 190 185 190 185 185 185 185 190 190 195 203 212 219 224 227 231 236 237 245 248 249 250 250 253 61 41 63 72 82 96 109 108 98 98 88 82 73 98 82 57 49 63 51 32 20 20 36 65 110 112 80 42 20 15 15 10 14 
10 10 15 66 230 248 245 223 96 187 224 231 231 236 227 134 11 7 7 10 15 14 18 23 17 20 9 61 7 25 47 44 124 4 50 35 14 29 31 18 58 68 35 2 13 24 49 72 90 98 108 108 125 132 132 132 146 143 157 143 167 167 167 167 177 177 174 177 180 185 185 186 186 185 190 190 185 185 190 193 201 203 219 219 224 227 232 236 238 243 248 249 250 250 252 156 36 58 67 72 98 101 115 110 98 90 108 125 127 72 57 63 51 37 41 37 36 65 110 132 88 51 26 10 10 18 30 41 
7 7 10 25 230 245 243 223 96 187 224 232 232 236 227 62 15 6 7 11 15 20 18 20 17 24 75 33 15 25 47 24 44 35 66 19 4 24 20 7 25 22 70 17 30 41 49 82 98 101 115 115 132 136 132 132 137 146 157 145 157 169 167 157 167 169 177 177 180 180 180 180 185 185 190 190 190 190 190 195 205 205 212 219 219 224 227 236 237 241 245 248 249 250 252 220 55 49 49 63 82 110 146 132 125 125 161 159 99 62 51 42 29 41 49 37 49 96 136 127 62 26 10 4 10 20 49 67 
