108 88 82 82 82 82 82 72 82 82 82 72 72 72 72 67 63 63 63 63 74 207 237 238 76 20 20 20 56 180 187 232 241 245 248 248 248 248 248 248 248 245 243 241 236 236 200 198 236 238 238 236 234 234 234 236 236 231 227 224 204 181 159 109 135 221 236 238 241 245 245 245 245 248 245 248 248 249 252 253 33 75 230 237 249 248 156 57 63 63 63 63 42 172 91 63 67 72 90 107 187 219 227 232 236 236 236 238 238 236 226 120 82 96 99 62 96 169 177 180 185 203 224 232 236 231 227 224 
101 88 82 82 82 72 72 72 72 72 82 82 82 82 82 72 82 72 72 63 63 114 225 241 239 150 55 23 85 177 169 221 241 245 248 249 249 249 249 248 248 248 243 238 227 194 189 216 240 223 83 37 41 41 49 49 70 87 83 87 105 105 88 104 221 236 241 243 248 248 248 248 248 248 248 248 248 249 252 191 18 56 230 236 231 234 171 123 95 77 62 57 41 52 58 63 63 102 125 161 203 224 227 236 236 236 238 238 238 238 236 197 102 107 99 63 107 157 180 186 186 203 219 227 231 231 231 224 
98 82 82 82 82 72 82 72 72 82 82 72 90 82 82 73 72 82 72 67 67 67 74 202 241 243 240 208 175 177 146 221 237 245 248 249 250 250 250 250 249 248 241 223 186 203 232 240 223 54 41 49 49 51 57 57 57 57 63 57 49 57 63 168 237 243 245 249 249 248 248 249 249 249 249 249 249 249 250 119 69 75 237 248 236 226 213 227 227 204 197 79 41 42 41 42 73 146 177 203 219 227 227 232 236 236 238 238 241 241 238 236 197 98 80 56 96 137 140 157 185 203 219 227 232 231 227 224 
88 67 72 82 73 90 86 102 95 77 67 67 72 72 72 82 72 73 82 82 82 73 72 74 172 230 245 243 235 171 169 221 237 245 248 249 250 252 254 252 250 245 223 193 226 232 238 184 62 49 41 49 49 57 51 57 57 57 63 57 63 63 63 63 74 202 249 249 249 249 250 250 250 250 249 249 248 245 242 70 96 215 248 248 248 240 239 221 225 216 221 227 197 35 22 49 135 187 203 212 224 227 232 232 236 236 236 237 238 241 241 238 231 153 62 49 96 127 125 161 203 219 226 232 231 227 224 224 
123 149 175 175 175 216 226 226 226 197 150 57 63 67 67 58 63 67 72 72 67 67 67 67 63 74 202 225 223 134 158 221 241 245 246 222 155 155 83 83 155 202 205 226 236 223 54 44 58 51 51 49 57 49 57 63 63 63 57 57 63 63 63 63 63 57 114 247 252 252 250 249 249 249 248 243 238 235 147 130 131 203 247 249 249 246 225 216 233 226 219 232 232 197 35 85 169 193 205 219 224 227 232 236 236 236 236 238 238 241 241 238 236 153 32 24 111 145 169 198 212 224 227 227 227 227 227 219 
232 227 226 227 224 227 232 236 236 236 232 150 51 42 42 42 36 42 58 42 51 49 42 42 42 49 51 42 38 74 111 221 237 223 54 29 36 41 41 49 49 41 74 155 83 51 49 49 49 41 49 49 49 49 51 57 57 63 63 63 63 63 63 63 63 63 63 74 202 254 252 250 249 248 245 236 227 119 41 105 131 212 230 249 241 223 182 243 240 231 232 236 236 236 226 183 169 193 212 224 224 231 231 236 236 236 236 236 238 241 241 238 231 153 6 24 158 180 169 187 212 219 219 219 219 219 219 219 
231 227 232 232 232 232 232 236 236 236 236 227 76 29 29 29 69 55 32 29 29 20 20 22 29 29 29 36 57 37 75 198 184 51 37 37 41 49 49 49 41 41 41 41 41 41 41 49 49 49 49 49 51 57 57 57 63 63 63 63 63 63 63 63 63 63 63 67 63 114 247 250 248 241 236 219 199 103 62 22 111 200 172 202 224 208 233 249 231 225 237 243 243 241 236 226 174 186 203 224 224 224 227 227 227 236 236 238 238 238 238 238 223 64 0 50 158 190 174 177 193 205 205 190 193 190 193 201 
236 232 236 236 236 236 238 238 240 238 238 236 156 29 20 50 187 171 95 106 123 95 55 23 20 20 20 36 73 45 75 181 54 37 41 41 49 49 49 49 49 49 42 41 49 41 49 49 49 57 49 49 57 57 57 57 63 63 63 63 63 63 63 63 63 63 63 63 63 63 74 230 243 231 204 164 116 73 76 27 151 223 196 192 221 249 243 245 238 240 210 248 249 248 243 236 197 177 205 212 212 219 224 224 227 232 231 236 236 236 236 227 194 19 0 85 187 201 174 167 177 186 186 186 186 193 193 205 
236 236 236 238 238 245 249 249 252 248 238 236 153 20 18 75 177 180 177 185 195 205 189 150 55 20 20 24 58 29 111 64 41 37 41 41 41 49 49 49 41 42 41 41 41 42 41 49 49 49 51 49 51 51 57 49 57 57 57 57 57 63 63 57 63 57 63 63 63 63 63 67 202 184 116 54 151 174 159 62 182 209 198 232 212 230 248 248 250 235 240 248 252 252 248 238 236 183 186 193 203 224 224 227 232 236 236 236 236 238 231 219 153 11 9 158 193 205 183 167 167 180 180 180 195 203 219 219 
238 236 238 241 241 245 246 246 246 241 236 231 119 18 50 161 177 177 195 203 212 219 219 219 197 76 3 3 3 85 159 45 41 37 37 41 41 49 49 41 41 41 41 41 41 41 41 41 41 49 49 49 49 49 49 49 49 49 49 57 63 63 63 67 63 63 63 57 63 63 63 67 72 76 3 66 194 164 120 62 114 200 167 230 209 190 230 248 238 238 241 249 252 250 248 243 236 214 185 203 219 224 227 232 236 236 236 236 236 236 227 209 91 3 9 187 199 201 201 189 174 177 180 185 205 219 224 224 
241 238 238 238 238 238 241 243 249 248 236 200 19 9 106 177 185 195 203 212 219 224 224 224 224 209 5 0 1 166 120 37 37 41 37 41 49 41 41 41 37 41 37 41 41 37 41 41 41 41 49 57 49 49 49 51 41 49 51 49 57 63 63 63 63 63 57 57 63 63 67 63 63 67 27 151 183 121 99 62 73 100 172 203 226 216 232 238 241 248 250 250 249 248 243 243 238 231 212 219 224 227 232 236 236 236 236 236 231 227 224 173 64 0 25 187 193 193 201 219 205 180 180 186 201 219 224 224 
241 236 238 236 236 236 247 250 252 249 236 153 11 85 180 180 185 203 219 219 219 224 224 219 219 194 19 1 50 171 91 37 37 37 36 41 41 41 41 49 41 37 37 41 37 55 123 55 41 41 49 51 49 49 49 57 57 57 41 49 51 63 57 63 63 57 57 63 57 57 57 63 57 63 63 105 116 67 70 86 120 111 203 224 227 236 238 238 245 252 254 252 249 243 241 243 241 236 224 219 224 232 232 236 238 236 236 231 227 224 199 91 11 0 85 185 190 190 195 205 212 190 177 185 193 219 224 227 
241 238 238 236 236 236 237 246 246 238 223 64 30 135 177 185 205 212 219 219 219 232 240 219 194 91 11 28 151 171 91 37 41 37 37 41 37 41 41 41 41 41 41 41 50 146 189 208 61 49 51 49 49 57 57 63 63 57 51 41 41 49 49 57 57 63 57 57 58 51 49 49 51 49 63 63 72 82 95 102 87 158 198 224 224 232 237 241 248 249 250 249 243 241 241 243 243 236 227 224 224 227 236 236 238 238 236 227 219 199 134 46 0 0 85 185 190 190 193 201 195 190 169 177 203 219 227 227 
238 236 236 236 231 236 236 236 231 223 64 20 111 169 177 193 212 219 219 219 233 253 253 223 133 16 0 85 185 120 62 37 41 37 37 37 41 41 41 41 37 41 49 49 151 189 244 223 62 49 49 51 41 57 63 72 67 57 51 49 49 49 57 57 57 57 63 57 57 57 57 49 51 49 49 49 58 63 74 172 150 131 187 219 224 232 237 238 245 245 245 241 241 238 241 241 243 238 231 227 227 232 232 236 236 238 236 224 199 164 46 3 0 1 111 190 190 190 185 201 195 194 167 187 203 224 227 227 
202 202 202 225 227 232 231 231 223 91 26 50 146 169 185 203 219 212 212 221 252 254 242 116 46 0 9 161 185 120 62 45 41 37 37 37 41 41 37 37 41 51 57 75 187 230 242 152 49 49 49 41 41 58 67 63 57 49 49 51 49 49 57 57 57 57 63 63 63 57 57 57 57 57 57 49 57 57 57 63 74 172 185 203 224 232 236 238 238 238 238 241 241 241 241 243 245 241 236 224 232 232 236 236 238 236 231 173 116 26 3 0 0 0 158 185 190 193 185 201 203 205 190 187 205 219 224 227 
108 110 110 146 178 225 227 223 116 26 13 85 167 177 190 212 212 212 226 244 254 242 147 26 0 0 85 133 83 58 51 41 41 41 37 36 37 37 41 37 41 57 69 161 216 245 223 54 41 49 49 51 41 41 42 63 51 51 41 49 49 49 49 57 63 57 63 63 63 63 63 57 57 57 57 57 57 57 57 57 63 63 114 215 224 227 236 236 236 236 236 236 238 241 241 241 241 241 236 227 232 236 236 236 236 236 223 64 16 0 0 0 0 0 111 193 190 190 180 193 201 212 201 193 203 219 224 224 
143 161 180 185 185 189 203 183 33 3 50 157 167 180 203 212 205 221 249 254 234 116 11 0 0 25 80 42 30 51 51 41 41 37 37 37 37 37 29 29 57 63 166 187 230 235 119 41 41 49 57 51 49 49 51 49 51 49 49 49 49 49 57 49 57 63 63 63 63 63 63 72 72 57 63 57 57 63 57 63 57 57 57 74 207 224 227 231 227 232 231 236 236 238 238 238 241 241 236 231 232 236 238 236 236 231 153 11 0 0 0 0 0 0 85 186 193 190 180 177 198 205 212 201 215 224 232 231 
167 177 190 195 201 212 219 216 124 9 111 157 177 193 205 201 201 212 225 223 59 6 0 0 9 59 32 20 56 57 51 41 41 41 41 37 37 37 37 37 56 96 105 221 236 223 51 41 41 49 57 49 49 49 49 51 41 51 41 49 49 49 49 57 57 63 63 63 63 63 63 67 67 67 63 57 57 63 63 57 57 57 57 57 74 225 224 227 231 232 232 231 236 238 238 238 241 241 238 236 231 236 238 238 236 231 78 0 0 0 0 0 0 0 66 185 190 190 185 174 177 201 205 199 203 224 232 232 
180 185 203 201 212 219 224 224 209 95 135 157 187 193 186 189 216 209 134 59 3 0 0 9 80 29 29 50 82 57 51 41 37 41 41 37 29 29 29 29 50 134 182 233 226 119 41 41 49 49 57 57 57 63 77 51 49 51 49 49 57 51 51 49 49 57 63 63 63 67 67 63 67 67 63 63 63 63 63 63 63 57 57 63 63 114 227 227 232 232 231 232 236 238 238 236 241 238 238 238 236 236 238 238 238 224 19 0 0 0 0 0 0 0 25 169 185 190 186 174 167 186 205 205 212 224 232 236 
190 186 201 205 212 219 224 224 224 171 131 169 186 185 233 240 225 184 26 3 0 0 0 60 45 37 36 73 88 51 49 41 41 37 37 37 37 37 29 36 111 104 221 231 200 51 41 41 49 49 57 57 58 74 54 51 49 49 51 49 57 57 57 57 57 57 63 63 63 67 67 63 63 63 63 63 57 57 57 63 63 63 63 63 67 63 168 227 232 231 231 231 236 236 238 238 241 241 241 238 236 237 241 238 236 223 11 0 0 0 0 0 0 1 39 158 177 186 180 180 145 158 193 201 203 224 232 236 
177 177 193 205 212 219 224 224 224 171 96 169 189 244 252 229 116 16 3 0 0 0 85 91 51 37 49 72 67 51 41 41 41 37 37 37 37 29 36 75 103 135 227 231 89 49 41 41 41 49 51 57 57 57 57 63 51 49 57 49 57 57 57 63 57 57 57 63 63 67 67 67 67 67 67 63 63 63 63 63 63 63 63 63 63 67 72 218 227 227 227 227 232 236 236 238 241 241 243 241 238 234 222 202 202 184 43 12 0 0 1 12 106 161 169 180 180 185 180 180 159 115 187 199 203 224 236 236 
167 169 185 195 201 212 224 224 219 183 131 187 244 252 223 70 11 0 0 0 0 1 169 71 57 41 49 51 41 41 49 41 41 41 37 37 37 37 37 144 146 203 231 191 57 49 41 41 41 41 49 51 57 63 63 57 57 49 49 57 57 57 63 63 63 63 63 63 63 63 67 67 72 67 63 63 63 63 63 63 63 63 63 63 63 67 67 114 207 224 224 227 227 232 238 238 241 241 234 225 184 33 36 98 115 146 187 212 154 35 28 73 136 169 185 195 195 195 203 195 183 161 187 195 203 224 232 236 
167 169 186 193 205 219 219 219 205 183 131 198 234 184 64 11 0 0 0 0 0 25 134 71 51 37 36 37 37 41 41 37 41 41 37 37 29 29 50 159 187 226 231 119 51 49 49 49 41 49 49 57 63 63 63 57 57 51 49 57 57 57 57 63 63 63 63 63 63 63 67 72 67 67 67 67 63 63 63 63 63 57 63 67 100 77 67 72 91 207 219 224 227 232 237 241 225 184 164 105 80 63 65 90 146 169 195 193 212 219 197 110 158 187 205 201 203 212 212 212 212 195 180 186 203 219 227 231 
180 169 177 190 201 219 219 212 194 64 44 164 164 59 11 0 0 0 0 0 43 88 98 62 37 37 37 37 29 37 41 37 41 41 37 37 29 29 151 157 221 238 231 89 57 51 49 49 49 49 49 49 57 57 63 63 63 57 49 57 57 63 63 63 63 63 63 63 63 63 63 67 67 63 72 67 67 67 63 63 63 63 63 63 67 67 67 67 80 74 207 219 224 232 223 184 105 105 82 90 90 108 107 146 187 193 201 212 212 219 219 209 180 186 201 212 216 224 224 224 219 212 205 190 198 212 224 224 
190 174 187 190 195 205 212 201 173 16 0 8 8 3 0 0 0 0 0 43 216 67 67 51 37 37 37 37 37 29 36 37 37 37 37 37 37 50 139 187 221 238 223 57 63 51 49 49 49 49 49 49 57 63 73 102 102 77 51 49 49 57 63 63 63 63 63 63 63 63 63 72 67 67 72 67 67 63 63 67 63 63 63 63 67 63 67 73 67 57 74 199 212 184 70 59 26 44 96 137 103 88 131 185 195 203 212 219 212 224 219 219 209 185 201 219 224 224 227 227 224 219 219 212 205 195 212 219 
177 157 177 190 193 201 186 181 64 3 0 0 0 0 0 0 0 0 43 226 191 51 49 41 37 36 37 37 37 37 37 37 37 37 37 37 37 85 169 198 232 236 191 57 63 51 51 49 49 49 49 57 57 63 73 131 181 183 62 49 49 57 57 57 57 57 63 63 57 57 63 63 63 63 63 67 72 67 63 63 63 63 67 67 67 67 72 72 67 57 63 114 64 22 6 10 18 36 72 87 73 96 146 177 193 201 212 219 219 224 224 224 224 216 212 224 232 240 240 236 227 224 219 219 212 216 205 205 
157 177 177 185 201 186 167 99 16 0 0 0 0 0 0 0 0 9 196 231 153 41 37 37 37 41 37 37 36 37 37 37 37 37 37 37 49 139 151 221 240 238 156 63 67 57 51 49 57 51 57 63 63 63 82 101 140 198 124 49 49 49 57 58 57 57 63 63 63 57 57 63 62 63 63 67 72 72 67 63 63 73 73 90 72 72 72 67 63 57 57 57 47 0 0 13 20 36 57 49 73 115 167 177 193 201 212 219 224 224 224 227 224 224 224 232 237 245 248 243 238 227 227 224 224 224 219 205 
136 169 177 221 240 173 80 26 3 0 0 0 0 0 0 0 0 85 227 219 153 37 36 36 41 37 37 37 37 37 36 37 37 36 37 37 85 174 203 221 241 243 156 63 72 63 49 51 49 63 57 57 63 67 67 67 63 131 200 51 49 49 57 57 57 57 63 63 63 57 57 63 70 63 67 73 77 67 72 63 82 102 110 135 150 77 67 67 73 63 57 57 63 5 0 4 24 49 51 41 82 107 169 177 187 201 212 219 224 224 227 227 227 227 224 232 236 236 236 245 245 236 236 240 231 224 219 219 
149 175 174 230 242 165 79 43 43 12 1 0 0 0 2 2 25 221 224 209 171 37 37 37 37 41 37 37 29 37 37 36 37 37 37 106 153 158 195 232 245 243 220 63 67 51 51 51 49 57 49 57 63 67 63 67 63 67 100 156 49 51 49 51 57 63 63 63 63 63 63 63 63 63 72 111 215 197 123 73 135 163 189 216 209 120 67 67 175 93 63 57 63 47 0 0 13 22 29 42 73 107 157 177 195 201 212 224 224 224 227 232 232 227 224 236 236 231 224 227 227 237 248 250 249 231 224 219 
240 232 232 236 236 232 232 232 226 216 197 79 5 0 2 1 151 227 219 186 180 61 36 37 37 36 37 37 29 37 29 37 37 37 56 144 169 187 212 221 245 248 241 92 57 57 51 49 49 57 49 57 63 63 67 67 63 63 67 168 61 49 49 57 57 63 63 63 63 63 63 63 63 67 67 151 244 248 239 150 182 226 240 240 224 120 67 72 226 165 77 57 57 72 5 0 2 6 18 49 73 107 157 177 186 203 219 224 224 232 236 236 231 227 224 237 238 231 219 219 212 227 250 254 254 242 224 224 
243 238 238 238 238 236 236 236 236 227 209 183 76 5 2 25 221 224 219 190 187 76 36 37 41 37 37 37 29 29 37 37 49 19 85 187 118 203 219 227 245 249 241 156 49 49 49 51 49 57 49 57 63 63 63 72 63 67 63 74 156 41 49 49 51 57 63 63 63 67 63 63 67 72 72 111 247 250 249 242 232 249 250 250 239 120 72 73 227 194 120 67 63 67 47 0 0 2 13 56 98 115 161 177 193 201 219 219 224 232 243 243 231 227 224 237 248 231 219 190 198 232 249 254 254 242 227 227 
245 241 241 238 238 238 238 238 238 231 209 174 91 32 5 126 224 219 209 190 177 124 20 29 37 37 37 29 29 39 37 15 65 5 100 100 66 212 204 226 237 245 235 197 150 49 42 41 49 49 57 49 57 63 67 73 77 77 67 63 160 62 49 57 49 57 57 63 67 63 67 63 63 73 72 111 247 252 252 253 243 250 254 254 242 153 73 118 223 199 134 82 63 63 62 0 0 2 13 36 96 146 169 177 193 203 219 219 227 241 248 248 238 227 224 232 225 243 209 186 203 227 245 250 246 222 155 116 
245 241 241 241 238 238 238 238 236 227 194 120 62 20 10 182 224 212 186 180 167 203 35 29 37 37 37 29 75 92 69 106 102 139 130 171 79 117 131 203 231 231 210 232 219 153 41 41 49 57 57 57 57 57 63 73 131 171 71 63 114 61 41 49 49 57 63 63 67 67 63 63 63 72 82 178 237 250 253 249 245 245 250 250 242 120 96 140 116 128 82 72 63 63 72 5 0 2 13 36 87 157 169 180 190 203 212 224 227 245 249 249 243 227 224 227 214 221 239 189 203 219 224 155 54 86 135 185 
245 241 241 241 241 238 238 236 231 219 174 91 42 15 9 221 219 209 185 174 157 219 156 20 36 37 29 50 224 197 118 186 161 185 174 138 203 171 158 221 235 227 209 237 235 209 154 45 41 49 57 57 57 57 63 73 96 169 120 63 58 91 41 49 51 57 57 63 63 63 63 63 63 67 104 182 237 249 254 249 231 230 249 248 223 91 111 71 67 67 82 67 63 63 72 19 0 1 13 36 68 146 169 177 190 205 212 224 232 248 250 250 248 227 224 224 231 224 221 240 226 173 70 30 106 161 185 199 
248 243 243 243 241 238 238 236 227 209 120 42 15 3 25 221 219 201 186 159 158 212 224 35 24 37 50 221 219 194 134 118 172 181 164 160 203 194 118 233 226 230 238 227 224 226 232 156 37 49 51 57 57 63 63 82 130 178 171 71 57 68 41 41 49 57 57 63 63 63 63 67 67 67 115 187 236 245 250 242 204 230 248 242 153 88 98 67 63 67 72 67 63 67 82 47 0 2 18 29 68 146 177 185 190 215 219 224 237 249 252 252 249 227 219 219 227 204 173 202 223 54 65 96 161 185 203 195 
248 243 243 241 241 238 238 236 224 173 59 15 3 0 25 224 219 205 174 127 175 212 224 156 18 36 196 224 194 159 167 177 185 203 195 150 178 199 183 230 240 240 249 240 240 233 225 236 61 41 49 57 57 63 63 96 175 226 183 82 62 68 45 41 49 49 57 63 63 63 63 63 67 73 111 198 232 241 246 200 140 221 225 184 103 90 98 63 57 63 63 63 63 63 104 62 0 2 14 24 75 138 169 177 203 205 219 219 237 250 254 254 249 224 219 224 219 197 149 72 51 57 73 131 185 190 203 212 
248 241 241 241 241 241 238 231 200 70 11 3 0 0 66 227 219 205 183 187 205 219 224 226 35 75 219 219 174 145 169 177 203 212 219 212 219 197 189 228 227 227 227 227 231 231 232 236 220 41 49 57 63 63 72 96 230 248 239 150 62 63 62 41 51 49 57 57 63 63 63 67 63 72 107 177 210 225 200 134 131 164 140 101 88 73 91 57 57 73 86 77 63 67 115 62 0 2 13 30 68 131 169 180 195 205 212 227 243 252 254 252 248 227 224 219 219 153 58 51 51 49 129 208 185 193 203 219 
248 243 241 241 241 238 231 200 64 11 3 0 0 0 126 227 219 205 190 203 219 212 219 227 156 151 221 194 169 169 169 187 212 219 224 224 227 232 236 231 227 232 232 232 232 236 236 236 239 52 41 57 57 63 72 111 230 252 253 220 72 63 57 41 49 51 49 57 63 63 57 57 57 72 98 131 164 128 128 108 108 98 88 82 82 111 70 57 63 96 196 239 92 73 143 71 0 2 13 49 63 115 169 177 193 205 203 227 248 252 254 252 242 227 219 219 212 120 51 37 85 196 248 214 169 185 205 205 
245 238 238 238 241 236 200 91 11 0 0 0 0 1 182 224 209 186 185 212 205 205 219 227 226 180 203 185 180 185 190 203 212 219 224 224 227 232 238 231 231 232 237 240 240 238 238 236 241 61 49 63 63 63 73 111 230 252 254 239 93 57 57 41 41 49 49 49 57 63 63 63 63 67 72 96 101 88 96 109 98 88 72 72 67 80 57 57 57 75 247 254 220 73 185 80 3 2 13 41 65 131 169 185 203 212 212 227 245 250 254 252 242 224 219 219 209 91 55 129 233 250 254 229 157 198 203 212 
155 164 172 184 184 184 164 95 43 1 0 0 0 9 182 219 195 174 198 219 212 212 219 227 224 177 198 195 190 185 193 212 212 227 227 227 232 232 238 231 232 236 248 253 250 243 238 236 241 61 49 63 63 63 73 135 230 252 254 242 153 63 57 41 41 49 49 49 57 49 57 63 63 63 67 72 88 82 96 88 72 67 67 63 73 62 57 57 63 151 247 254 229 96 199 93 0 0 13 36 63 131 177 177 186 205 219 227 237 249 254 252 242 227 212 219 200 62 129 244 252 255 222 163 177 195 203 205 
95 110 90 108 107 136 161 169 185 174 79 5 2 9 198 212 205 174 198 212 199 212 219 227 223 157 177 205 190 190 195 219 224 227 227 227 236 236 236 231 232 237 250 254 249 243 238 238 236 51 57 67 63 67 72 158 221 249 254 253 197 62 51 42 36 49 49 51 57 57 57 57 63 67 72 72 72 82 82 72 72 67 67 63 62 57 57 51 73 182 250 254 229 109 181 62 0 2 10 24 63 96 157 177 186 203 219 224 227 237 252 254 248 232 212 224 119 196 237 252 255 147 90 125 177 201 203 212 
167 146 132 127 115 157 169 185 190 186 159 47 0 9 198 212 205 174 186 180 187 203 219 224 200 137 177 219 201 185 193 212 224 227 227 232 241 241 238 231 232 237 248 250 245 241 238 236 229 42 63 67 63 63 72 111 221 247 254 254 220 71 62 41 41 49 49 51 49 57 49 57 63 63 67 67 72 82 72 67 67 67 72 67 57 57 57 49 73 230 252 250 223 96 112 47 0 2 13 18 56 101 138 157 177 193 212 219 224 232 249 252 249 241 224 184 175 244 249 255 147 73 131 169 180 193 219 219 
157 157 149 127 109 146 169 180 190 177 133 19 0 9 203 193 190 177 180 186 185 193 199 212 183 127 169 215 212 201 203 212 224 232 227 237 241 241 238 231 227 237 241 238 238 238 236 236 231 45 57 63 63 63 67 111 198 247 252 252 239 93 67 45 37 41 41 51 49 49 51 57 57 63 67 67 72 82 72 72 72 72 72 57 63 63 57 63 151 247 252 242 119 72 72 19 0 2 13 20 36 68 107 131 146 167 193 203 219 232 249 250 249 238 223 158 232 249 252 152 56 96 146 169 177 203 212 219 
101 158 232 197 110 115 138 169 177 167 64 3 0 9 182 209 174 187 193 174 180 186 186 186 186 159 146 198 219 212 205 219 224 224 232 237 238 238 236 231 227 231 236 236 238 238 236 236 236 61 49 63 63 63 63 96 178 237 245 249 242 120 72 57 37 36 49 49 51 41 49 51 57 63 67 72 72 82 82 82 72 67 57 63 63 63 63 86 196 249 246 200 91 67 63 11 0 2 10 18 36 56 88 101 115 157 177 203 205 221 248 248 245 236 163 221 245 250 229 24 56 96 131 167 177 201 212 219 
72 74 144 221 197 110 121 138 157 99 16 0 0 1 66 199 177 186 180 174 169 177 167 169 164 174 157 187 219 212 205 219 219 227 227 236 236 237 236 231 227 232 232 236 238 236 238 236 236 156 49 57 63 63 63 82 157 181 202 210 200 120 72 62 45 29 24 41 41 41 41 49 58 63 63 67 67 67 67 67 63 57 57 63 63 63 86 196 244 242 184 103 67 63 48 0 0 0 10 18 20 36 56 82 107 128 138 181 186 204 231 238 231 184 175 237 249 250 78 18 36 58 96 131 177 193 205 212 
62 49 68 172 204 120 88 87 70 16 0 0 0 9 75 185 157 169 169 167 157 138 132 127 121 180 167 177 199 201 201 205 212 224 227 227 227 232 236 231 232 232 236 238 236 238 236 236 236 156 41 49 57 57 63 72 96 128 121 164 157 112 82 72 57 45 23 36 41 41 50 55 49 57 57 63 63 63 63 63 63 63 63 63 63 73 182 237 248 223 120 72 62 57 19 0 0 0 4 10 18 20 22 42 58 59 87 105 105 155 172 83 54 151 221 248 250 252 240 233 211 154 63 107 157 177 203 212 
22 41 42 42 59 42 22 26 8 0 0 0 0 9 111 190 145 157 167 137 121 107 105 59 68 185 180 177 185 193 193 203 219 224 227 227 227 227 236 236 231 232 236 238 238 238 238 238 237 156 36 49 57 57 57 63 82 101 101 121 128 108 88 72 57 49 79 154 154 208 232 156 92 42 49 51 58 57 63 63 63 67 67 63 87 111 221 245 245 200 103 67 57 49 19 0 0 0 2 4 6 6 6 15 6 8 8 39 154 35 27 75 208 223 221 249 250 250 249 245 246 246 239 150 131 169 198 205 
10 22 15 6 4 4 3 3 0 0 0 0 0 9 96 169 133 100 146 99 59 26 4 2 25 190 185 177 190 190 195 193 212 224 227 227 227 227 232 236 238 240 238 238 236 238 236 238 236 78 36 49 57 51 57 63 63 72 88 98 101 101 88 82 96 172 184 164 177 230 245 242 239 23 36 41 57 57 63 63 63 63 63 67 73 182 232 236 200 134 72 67 57 57 3 12 0 0 0 0 2 4 4 3 0 1 151 236 236 183 129 226 237 231 245 249 250 249 249 249 243 245 250 253 176 138 177 201 
0 2 2 0 0 0 0 0 0 0 0 1 43 27 26 8 3 50 133 59 32 15 10 4 25 186 185 185 201 201 195 195 212 219 224 224 227 227 236 238 243 243 238 236 236 238 236 236 232 78 36 41 49 57 57 57 63 63 63 72 82 88 82 82 82 67 87 87 105 207 243 242 247 78 41 49 63 63 67 63 63 63 63 73 111 198 237 223 134 88 67 57 57 57 106 191 0 0 0 0 0 0 0 0 0 126 232 238 235 221 236 212 232 225 247 249 250 250 248 248 248 250 252 252 239 107 169 186 
0 0 0 0 0 0 0 0 0 1 79 152 31 7 4 2 13 67 51 37 15 10 10 4 66 194 185 185 193 193 193 201 205 219 219 219 227 227 232 237 243 241 238 236 238 238 236 236 232 78 20 41 49 49 51 58 63 63 63 67 82 82 82 82 72 62 37 41 63 114 230 245 237 220 29 49 57 63 63 63 63 67 72 96 135 177 210 194 139 72 63 57 57 75 221 78 0 0 0 0 0 0 0 0 9 221 236 236 236 238 240 226 231 219 249 245 248 245 245 241 249 252 252 252 252 153 131 177 
43 43 12 0 0 0 0 0 43 166 64 26 10 7 4 9 56 71 42 15 10 7 7 4 126 205 190 180 193 193 193 201 212 219 224 224 227 227 232 236 241 238 238 238 238 238 238 236 232 61 29 41 49 41 49 49 57 63 63 63 82 98 88 82 72 72 82 23 73 96 221 248 236 239 45 41 49 58 63 63 63 72 72 96 140 164 164 164 88 67 63 63 57 75 221 78 0 0 0 0 0 0 0 0 66 227 232 236 237 243 248 248 240 240 243 248 249 250 250 250 250 252 252 252 252 156 111 177 
180 167 157 113 43 1 1 151 184 64 15 4 7 4 7 50 72 59 20 7 7 7 4 4 126 203 190 180 186 190 195 199 212 219 224 219 224 227 236 238 238 238 238 238 238 238 238 236 231 33 29 37 41 41 49 57 57 63 57 63 67 82 82 82 82 82 72 45 85 127 182 245 242 247 78 29 41 49 49 57 63 63 67 72 101 88 87 67 67 67 72 63 48 25 221 156 0 0 0 0 0 0 0 0 126 227 231 232 237 245 248 248 248 245 245 249 249 250 252 252 250 252 250 252 252 156 96 121 
195 190 174 159 99 70 106 164 70 32 15 7 7 4 13 58 42 20 10 7 7 7 4 4 182 205 203 195 190 190 193 205 203 219 219 219 227 232 236 238 238 238 238 238 238 241 241 236 228 32 20 36 37 41 41 49 51 57 63 63 63 67 72 82 72 72 62 48 68 139 158 237 243 230 220 20 29 41 49 51 57 63 63 63 63 63 63 63 63 73 88 67 11 0 38 87 35 0 0 0 0 0 0 0 168 224 227 232 237 243 245 248 248 245 248 249 250 250 252 254 254 252 252 252 252 78 90 121 
205 195 185 174 91 111 159 70 42 20 10 10 10 10 24 51 29 15 7 7 7 7 4 9 195 201 212 209 190 186 190 190 201 212 219 219 227 232 238 238 238 241 238 238 238 241 238 231 223 20 20 29 37 41 41 49 57 57 57 63 72 82 82 88 82 67 57 51 66 159 158 224 248 231 248 35 29 36 41 49 51 58 51 51 57 51 63 63 67 67 67 19 0 0 1 52 58 5 0 0 0 0 0 0 168 219 224 227 236 241 245 243 245 245 248 249 250 252 252 254 252 252 252 252 252 61 58 82 
209 201 190 173 86 158 103 51 20 15 7 7 7 14 36 32 15 10 10 7 10 7 7 25 205 209 219 219 201 190 190 190 193 205 212 219 227 232 236 238 238 238 238 238 237 238 238 231 223 18 18 29 29 36 41 49 49 57 63 67 67 67 72 67 58 73 73 69 92 169 120 198 247 235 247 78 20 29 37 41 49 57 77 77 77 57 57 51 51 51 26 0 1 43 151 175 175 95 43 12 0 0 0 0 168 219 219 224 227 237 238 238 241 243 245 248 249 250 252 252 252 252 252 252 250 40 56 82 
205 190 181 54 130 134 67 42 20 15 10 10 14 18 20 15 10 10 10 10 7 7 4 66 203 224 219 219 212 205 190 186 193 201 205 224 227 232 236 238 238 238 238 238 238 238 236 231 191 15 18 20 20 29 36 49 69 51 58 57 63 63 51 42 69 110 161 185 197 158 174 178 230 242 230 220 18 20 29 41 72 104 121 109 169 204 226 208 79 26 0 1 50 187 212 219 212 205 183 139 55 5 0 0 126 201 219 219 227 236 238 238 241 241 243 248 249 250 252 252 252 252 252 252 242 6 44 72 
209 181 70 106 159 99 59 20 15 14 10 10 14 15 15 14 10 10 10 10 7 7 4 66 215 224 224 219 212 212 212 205 195 205 212 224 227 232 236 236 238 236 238 241 238 236 238 231 191 10 18 18 20 20 29 36 41 41 42 42 42 26 18 50 111 161 187 212 221 176 181 187 230 248 232 239 61 20 30 49 104 99 70 72 158 203 201 210 224 197 35 9 85 193 205 212 219 219 209 195 165 47 5 0 66 193 212 212 224 227 236 236 236 238 241 243 245 249 250 252 252 252 252 252 191 0 8 22 
200 94 96 121 99 51 20 15 6 10 10 15 10 18 15 10 10 7 7 7 7 4 2 85 198 224 224 219 212 212 212 205 212 212 212 224 227 232 236 236 238 238 238 238 238 238 238 232 191 4 10 15 15 15 18 15 22 15 15 18 15 13 50 135 146 169 203 219 227 156 169 145 221 245 227 249 156 36 49 73 109 62 49 73 187 199 203 219 224 224 224 79 111 187 212 212 219 219 212 205 183 139 47 0 66 177 190 198 219 224 227 231 236 236 238 238 243 248 249 250 250 250 250 250 78 0 2 14 
87 107 101 99 59 32 14 7 4 10 10 7 10 10 10 14 10 10 10 7 7 7 4 182 203 224 224 219 212 219 212 205 212 212 219 227 227 236 236 236 238 238 238 238 238 238 238 232 78 2 4 6 4 4 6 3 4 12 14 15 9 30 111 177 195 189 186 219 224 171 169 139 178 246 236 247 220 37 49 73 99 51 57 111 157 185 205 212 212 219 224 224 197 158 198 219 224 224 219 219 209 183 76 5 25 177 185 195 212 219 224 227 227 231 236 238 238 241 248 249 249 249 249 246 16 12 154 216 
101 101 110 80 42 20 10 10 7 10 6 10 14 14 15 10 10 7 10 7 7 7 9 195 221 224 219 212 212 212 212 212 219 219 224 227 232 236 236 238 238 238 238 238 241 238 236 236 78 0 0 2 2 1 12 30 41 57 73 71 106 175 161 177 198 219 195 215 224 200 177 171 178 237 238 247 249 61 41 63 62 49 73 121 131 186 199 219 224 227 227 227 227 197 198 215 224 227 227 232 224 209 139 19 0 114 164 198 199 199 219 224 224 227 231 231 236 238 245 245 245 243 238 191 154 244 223 70 
110 110 99 51 20 15 7 7 4 7 7 10 10 14 10 10 10 10 7 10 7 10 25 201 224 224 224 212 212 212 212 212 219 224 227 232 232 236 236 238 238 238 238 238 241 238 236 236 61 7 7 7 7 30 65 90 135 135 102 55 37 74 199 167 172 172 207 226 236 223 158 171 158 227 237 237 248 156 36 129 92 41 68 101 143 169 187 219 224 227 236 231 227 227 216 212 224 232 240 248 239 216 183 47 0 25 96 140 186 185 199 201 212 219 219 224 227 231 236 236 231 231 224 232 235 155 42 37 
132 128 71 45 20 18 10 10 7 10 10 10 10 14 10 10 7 10 7 7 7 4 66 203 224 224 219 212 212 219 212 219 219 224 227 227 236 238 238 241 238 238 238 241 241 238 231 223 33 15 15 28 106 135 161 169 180 180 192 159 95 65 74 160 19 25 144 210 225 191 125 169 146 198 237 238 249 239 86 213 197 23 68 130 157 169 193 219 227 231 231 225 219 204 219 219 224 237 248 250 249 240 209 124 5 9 58 96 138 177 177 186 186 186 186 181 181 199 204 184 184 203 227 184 54 37 37 41 
109 88 62 37 20 15 10 10 7 10 7 10 14 10 14 14 14 7 7 7 7 4 85 203 224 224 219 212 219 219 219 219 224 227 227 232 236 238 238 241 238 238 238 241 241 241 231 191 15 14 28 106 169 169 187 190 186 195 205 190 175 95 32 44 19 25 99 87 172 147 177 195 174 198 237 242 245 248 189 214 70 160 150 58 158 185 203 224 204 184 116 105 177 195 183 181 210 230 245 252 252 250 235 171 5 0 24 73 115 143 157 157 167 164 133 101 101 105 70 58 151 204 184 70 41 37 37 41 
88 67 51 29 18 15 10 14 14 14 10 14 14 14 14 14 14 14 14 10 10 4 85 198 224 224 219 219 219 219 219 224 224 227 227 232 236 238 238 241 238 238 238 241 241 241 227 119 4 13 85 161 180 185 224 209 212 216 216 205 212 216 76 5 7 22 8 8 25 130 177 195 174 198 227 249 248 249 236 191 28 196 194 113 149 177 200 155 59 42 42 63 158 193 190 195 195 189 225 249 252 252 235 183 19 0 8 58 74 87 88 88 105 88 67 67 58 42 41 96 105 59 58 37 36 37 41 41 
58 42 20 20 18 18 14 14 10 10 14 10 10 15 14 15 15 15 14 10 7 4 111 203 224 224 219 219 219 219 219 224 224 227 227 232 236 236 236 238 238 238 238 241 241 241 223 19 2 50 146 169 185 203 224 224 216 219 219 224 226 232 220 19 30 5 1 0 151 169 193 205 195 203 232 247 249 249 243 239 92 182 226 91 74 135 215 33 18 29 49 96 169 186 198 212 212 212 205 221 247 254 235 195 47 0 0 24 49 67 63 58 58 42 42 42 29 36 51 57 42 20 29 37 41 41 41 49 
37 29 29 20 20 20 18 14 10 14 10 14 10 15 14 14 14 14 10 7 10 4 111 203 219 224 219 219 219 219 224 224 227 227 227 232 236 238 236 241 238 238 238 241 241 238 153 3 9 111 146 181 190 212 219 219 224 224 227 227 232 241 191 85 150 17 2 25 167 177 181 201 193 212 227 247 249 249 245 238 220 114 171 106 196 140 46 13 30 41 56 135 161 187 203 216 219 224 219 224 224 247 235 205 76 0 0 13 36 42 42 42 29 20 18 15 20 41 37 37 20 29 41 41 49 49 41 49 
37 29 29 20 20 20 18 18 14 10 10 10 15 18 18 15 15 10 10 10 10 7 158 203 224 219 219 219 219 219 224 227 227 227 232 236 236 238 238 238 238 238 238 241 241 242 46 0 25 146 177 187 195 212 212 219 224 224 231 231 225 155 160 240 214 35 2 25 144 203 203 224 203 212 232 246 250 248 241 243 239 92 202 191 184 104 16 20 41 65 96 138 177 198 212 224 224 227 227 224 219 227 235 205 76 0 0 2 18 20 20 20 20 15 10 13 20 29 29 29 29 41 41 41 49 51 51 49 
29 29 37 29 29 20 20 20 14 14 10 10 18 18 18 14 14 10 10 10 14 18 158 205 219 219 219 212 219 219 224 227 227 232 232 236 238 238 238 238 238 238 238 241 241 191 11 0 85 161 190 193 201 186 180 186 195 212 212 219 197 35 8 202 236 226 150 35 66 177 228 224 219 224 227 237 248 243 231 237 246 150 196 226 197 196 40 49 65 82 90 131 157 185 203 219 219 224 227 227 224 224 212 190 46 0 0 2 10 13 18 15 15 6 7 20 20 29 29 36 37 41 41 41 41 49 49 49 
29 29 29 29 29 29 20 20 20 15 14 14 18 20 20 15 10 14 14 14 14 13 158 212 219 219 219 219 219 219 224 227 227 232 236 236 238 238 238 238 238 238 238 241 238 156 0 1 111 185 190 190 193 180 180 174 195 215 219 224 226 226 79 2 114 210 219 192 151 216 200 172 198 224 231 237 249 249 242 223 142 221 227 227 226 155 25 73 90 107 121 136 169 203 219 219 224 224 227 227 227 219 224 180 46 0 0 0 4 6 10 10 4 2 18 18 20 29 37 37 41 37 41 41 51 49 49 51 
20 29 20 20 36 29 20 20 20 20 15 14 18 29 20 14 10 14 10 10 7 9 158 212 224 219 219 219 219 219 224 227 232 232 236 238 238 238 238 238 238 238 238 241 235 78 0 9 158 195 203 205 205 190 195 190 201 205 219 224 227 231 238 78 0 38 83 172 202 204 226 196 221 240 240 226 225 237 191 75 120 196 242 202 46 0 25 98 105 88 82 158 185 203 219 224 227 232 232 231 227 227 224 153 19 0 0 0 0 2 4 3 2 13 18 20 20 36 37 37 41 37 37 41 37 41 49 51 
20 20 20 18 20 29 29 29 29 20 15 15 18 20 18 15 15 15 10 7 4 25 169 215 224 219 219 219 219 224 224 227 232 236 236 237 236 238 238 238 238 238 238 236 223 19 0 85 187 212 212 212 212 190 190 190 190 186 181 181 164 169 157 189 192 215 192 150 79 151 225 225 204 204 225 224 233 236 223 100 234 234 76 39 179 12 1 49 86 79 175 181 190 201 219 224 227 232 238 238 236 227 224 179 5 0 0 0 0 0 0 0 9 20 20 20 20 29 36 37 41 37 41 41 41 49 49 72 
20 18 20 20 18 20 20 29 29 20 15 15 15 18 15 14 10 10 7 4 2 25 177 212 224 219 219 219 219 224 224 227 232 236 236 238 236 236 238 238 238 238 236 231 173 11 9 130 203 212 212 212 193 180 193 190 190 180 174 149 132 149 161 190 201 195 205 186 180 195 195 212 215 154 53 8 38 100 130 164 134 161 185 199 210 210 210 210 210 194 185 203 203 205 212 224 227 236 241 243 236 231 224 209 5 0 0 0 0 0 0 1 30 29 29 29 29 37 37 41 41 41 41 41 41 41 68 77 
20 18 15 15 18 18 20 20 20 20 15 14 15 18 15 14 10 7 4 4 2 66 187 221 224 219 219 219 219 224 227 227 232 236 238 238 236 238 238 238 238 236 231 209 64 0 9 158 219 224 205 186 177 185 177 190 190 174 180 174 180 185 185 185 193 193 193 185 185 195 201 201 203 219 226 35 0 25 67 90 96 158 185 203 216 203 215 212 212 219 219 212 212 212 219 224 236 232 241 248 241 231 224 219 5 0 0 0 0 0 0 30 32 20 29 29 29 37 41 49 41 49 41 49 49 49 106 175 
20 15 14 15 15 15 18 20 20 18 15 15 14 14 15 14 10 4 4 2 2 66 187 221 224 219 219 219 219 224 227 227 232 236 236 236 236 238 238 238 236 236 224 183 19 0 25 158 219 219 186 167 180 177 190 186 180 186 181 177 181 177 186 180 193 193 195 203 212 205 205 201 219 219 224 209 76 56 107 109 125 157 185 198 219 219 219 219 219 219 224 224 219 219 219 219 227 236 241 243 238 231 227 219 19 0 0 0 0 0 9 32 20 20 29 37 37 37 37 41 57 49 57 49 57 86 221 232 
29 15 15 15 18 15 15 18 18 18 18 15 15 10 14 15 10 4 4 2 2 85 182 224 224 219 219 219 219 224 227 227 232 236 236 236 236 238 238 236 236 231 209 153 11 0 85 169 212 194 174 169 169 177 186 180 177 157 157 169 167 177 169 187 186 185 193 203 212 212 205 212 224 226 224 219 124 56 101 115 136 169 169 193 212 219 219 224 226 224 226 232 232 232 232 227 227 236 241 243 241 232 236 219 78 0 0 0 0 1 20 18 18 20 29 37 37 36 41 41 49 57 57 49 73 182 240 249 
20 18 14 18 15 15 15 18 18 15 15 15 15 15 10 10 7 4 2 2 0 85 187 224 224 219 219 219 224 224 227 227 236 236 236 236 236 238 236 236 231 224 183 64 3 1 75 157 181 177 169 167 177 177 169 177 167 167 169 177 180 177 177 185 190 180 190 203 205 195 203 219 237 248 240 226 209 62 96 107 146 169 180 186 198 219 224 227 237 240 240 249 249 249 248 236 227 227 237 241 238 236 236 212 78 0 0 0 0 13 18 18 18 20 29 36 37 41 37 41 41 49 57 65 104 232 250 252 
37 18 14 18 15 10 7 4 18 15 15 15 15 10 10 10 4 4 2 2 1 161 187 224 219 219 219 219 224 227 227 232 236 236 236 236 236 236 236 236 227 209 153 33 0 9 96 143 169 157 169 169 169 169 169 169 169 167 169 169 177 177 190 193 190 180 199 205 201 205 212 221 247 252 253 249 239 92 90 107 146 169 167 177 205 219 219 224 237 249 254 254 254 252 250 242 227 231 237 238 236 231 231 209 78 0 0 0 9 18 15 18 18 20 29 36 41 41 41 49 49 51 57 104 182 241 252 254 
29 18 18 18 18 14 7 4 4 15 15 14 14 7 2 2 2 2 2 0 9 159 187 224 224 219 219 219 224 224 227 231 236 236 236 236 236 236 236 231 224 186 91 19 0 9 68 131 137 157 169 177 169 169 177 169 167 169 177 177 180 180 193 195 190 193 193 190 193 205 219 227 247 254 254 254 250 89 96 131 138 134 157 169 193 212 224 226 232 248 254 254 252 250 248 235 224 227 232 238 231 227 227 212 78 0 0 0 18 15 15 18 18 20 29 41 49 49 41 41 57 49 63 151 226 247 254 250 
29 18 15 18 18 18 14 4 2 8 10 15 10 2 0 1 12 12 12 0 9 174 203 219 224 219 219 224 224 227 227 232 236 236 236 236 236 236 231 224 209 159 80 11 0 25 96 121 132 169 169 169 169 169 177 167 169 169 167 169 169 177 190 195 186 186 201 185 195 203 232 238 248 252 252 254 252 156 68 115 109 109 131 157 177 198 219 227 232 241 249 250 249 245 236 227 224 224 227 236 227 227 224 212 78 0 0 4 15 14 15 18 20 20 29 41 49 49 49 49 57 57 63 158 237 250 254 245 
29 18 18 18 18 20 15 7 2 0 3 4 1 12 30 58 42 74 38 3 25 145 193 219 219 219 219 224 224 227 227 232 232 232 231 231 232 231 227 219 194 134 62 11 0 13 73 107 146 169 169 174 177 180 174 167 167 169 167 169 177 180 185 190 186 177 185 193 205 221 236 238 245 248 249 250 249 156 65 88 88 101 115 138 169 185 201 204 224 231 237 237 241 231 224 224 224 224 227 227 227 227 219 212 46 0 0 10 10 15 18 20 29 29 37 41 49 49 51 49 57 63 73 182 237 249 246 225 
29 18 15 15 18 18 15 7 2 0 1 30 72 26 3 13 41 11 0 0 66 177 205 219 219 219 219 224 224 227 227 232 231 231 231 227 232 231 224 209 183 120 45 11 0 24 96 109 146 169 180 180 180 180 174 167 167 167 167 169 177 180 180 180 169 169 185 201 212 224 231 231 231 231 237 245 243 214 71 73 88 98 108 115 138 169 177 180 198 204 219 224 227 224 224 224 224 219 224 224 224 224 219 219 46 0 0 4 4 10 18 20 29 29 37 41 49 49 49 49 63 67 111 221 237 241 200 70 
20 18 18 18 15 15 15 7 2 12 29 11 4 12 17 1 30 5 0 0 85 177 212 219 219 224 219 224 227 227 227 231 231 231 227 227 227 227 219 201 174 112 45 5 0 24 73 98 121 169 177 177 180 180 177 174 169 167 167 169 177 180 180 174 145 169 186 198 205 219 212 224 219 224 227 231 231 200 71 72 82 82 101 107 131 177 169 180 180 186 193 203 219 224 224 219 219 219 224 224 219 219 219 212 16 0 0 4 7 10 18 20 29 29 36 41 49 51 49 49 63 73 158 232 236 235 116 63 
18 18 18 15 15 10 7 2 50 64 11 1 50 100 70 56 100 19 0 0 158 177 212 224 219 224 219 224 224 227 227 231 232 232 227 227 227 227 219 199 174 112 45 5 0 24 68 96 108 131 157 157 169 180 174 174 167 167 167 157 167 167 169 159 131 169 185 193 193 205 201 205 212 219 219 219 219 194 103 67 73 82 107 108 138 157 169 177 177 180 193 203 219 219 219 219 219 212 219 219 212 219 219 212 11 0 2 2 4 14 18 18 29 29 41 49 51 49 49 57 63 96 187 227 227 184 67 57 
15 15 15 15 15 10 6 9 26 3 3 50 64 28 5 8 8 11 0 1 169 187 219 224 224 219 224 224 227 227 231 231 232 231 227 224 227 224 209 185 174 120 45 3 0 24 63 98 101 107 101 121 138 169 177 167 169 167 157 157 157 167 169 145 125 158 177 186 186 193 199 199 201 199 201 205 201 159 103 72 72 96 109 115 136 143 157 167 169 180 186 203 219 219 219 212 212 201 201 219 212 219 212 200 3 0 2 2 7 10 18 20 29 29 41 49 49 49 49 49 63 96 198 224 199 91 57 51 
10 15 15 10 6 4 4 41 11 2 9 80 6 144 61 18 27 0 12 9 177 187 224 224 224 219 219 227 227 227 231 227 232 227 224 224 227 219 205 186 167 112 48 0 0 13 56 90 82 98 88 98 88 131 138 137 157 137 137 137 138 140 134 127 125 138 169 186 185 190 190 186 185 186 193 199 185 145 98 72 72 96 101 98 107 138 157 157 169 177 186 201 212 212 212 219 212 205 201 212 219 219 212 171 0 0 2 4 7 14 18 18 20 36 41 41 49 49 49 57 63 111 203 209 195 93 51 41 
14 14 14 7 7 7 30 26 4 0 50 47 9 105 112 77 19 2 3 9 180 187 224 224 224 224 224 227 227 227 227 231 231 227 224 219 224 219 194 174 167 120 33 0 0 9 56 82 88 88 88 67 73 88 101 109 108 101 101 115 109 101 101 127 137 131 138 177 180 186 195 185 186 180 177 180 177 134 103 90 82 96 108 101 110 132 138 146 167 169 180 185 190 193 205 205 205 199 193 219 205 212 201 119 0 0 2 4 10 14 18 18 20 36 41 41 41 49 57 57 63 111 198 212 200 70 51 37 
29 29 18 14 14 7 6 2 0 0 68 71 20 72 131 88 59 30 2 25 180 187 224 224 224 219 224 227 227 227 231 227 227 224 224 224 224 219 199 186 167 120 47 0 0 2 36 73 90 88 72 63 63 63 73 98 82 88 82 88 88 98 98 101 107 132 146 169 185 186 190 186 177 180 185 180 174 132 108 98 96 132 110 108 115 137 137 138 167 177 180 186 190 186 198 205 205 195 201 212 212 205 201 78 0 0 2 4 10 14 18 20 20 29 41 41 41 41 49 63 63 96 177 186 91 51 42 37 
20 20 18 15 15 15 10 14 0 1 36 26 11 56 107 95 73 47 4 66 177 187 224 219 219 219 224 227 227 227 231 232 231 224 224 227 224 219 195 180 174 127 19 0 0 0 24 68 98 98 77 67 57 63 72 82 67 72 72 82 90 98 98 98 107 109 132 169 177 185 185 180 169 177 186 177 145 128 109 108 108 128 128 108 115 136 136 145 167 167 177 186 180 185 193 201 190 190 193 201 205 205 199 46 0 0 2 7 14 18 18 20 29 29 41 41 41 41 41 57 63 73 144 103 62 42 37 37 
10 10 14 15 14 10 4 7 2 0 24 9 34 56 88 95 130 61 5 66 185 187 224 219 219 219 224 227 227 227 227 227 227 224 219 224 224 212 190 185 174 134 19 0 0 0 13 56 82 90 82 65 57 57 73 82 72 67 62 67 90 98 98 98 101 107 136 157 177 190 180 180 185 174 180 167 134 101 98 98 108 125 110 125 127 136 127 127 169 169 169 177 185 186 199 199 193 193 195 205 205 195 203 19 0 0 0 4 14 18 18 20 20 29 37 37 37 41 49 49 63 67 88 82 57 51 29 29 
4 4 10 10 10 7 4 2 7 7 13 5 24 80 87 140 64 22 94 85 177 187 224 224 219 219 224 227 227 227 227 227 224 219 219 219 219 212 195 180 174 120 19 0 0 0 2 24 68 82 98 82 82 63 90 101 88 67 63 72 82 108 110 98 101 107 115 137 157 177 186 180 180 185 177 167 112 88 82 101 107 131 127 109 137 145 127 136 167 169 180 180 177 169 177 190 193 186 190 193 193 201 205 16 0 0 0 4 14 20 20 20 29 37 36 37 41 37 41 49 51 57 63 63 57 37 29 18 
0 3 4 4 4 4 2 0 2 3 0 7 12 20 23 42 26 4 8 111 185 187 224 224 224 224 224 227 227 231 231 231 224 219 219 219 224 219 195 190 174 120 11 0 0 0 0 24 58 68 88 90 82 62 96 101 88 62 63 73 90 130 127 98 98 98 101 128 157 177 177 185 180 186 174 159 103 82 72 82 96 115 109 115 132 143 132 143 157 167 169 177 177 177 169 186 190 185 193 195 205 212 209 5 0 0 0 4 14 18 20 20 20 36 37 41 37 37 41 41 49 51 57 63 51 41 29 20 
0 0 0 0 0 0 2 1 7 5 4 15 8 18 20 19 1 0 0 151 186 187 224 224 224 224 224 227 227 231 231 231 227 219 219 219 219 212 195 190 177 91 5 0 0 0 0 13 36 36 82 98 107 88 90 108 98 62 63 73 107 131 128 101 98 82 98 107 131 169 167 177 177 180 177 159 88 67 72 82 90 115 132 131 157 143 143 143 157 157 159 169 169 169 169 177 186 185 201 193 205 219 194 3 0 0 0 2 18 18 20 20 20 29 37 41 37 41 41 41 49 49 51 49 51 37 20 18 
0 0 0 0 0 0 2 7 10 15 10 2 7 13 8 3 8 3 2 182 186 198 224 224 219 224 224 227 227 231 231 231 227 219 219 224 224 219 205 190 180 91 5 0 0 0 0 2 20 29 49 68 101 98 90 96 108 82 57 67 96 115 128 108 88 82 72 98 115 177 174 180 185 180 169 145 93 63 63 72 82 96 115 121 121 127 128 137 157 157 145 157 177 177 177 177 190 193 201 203 219 212 183 0 0 0 0 0 10 15 18 20 20 20 29 36 36 41 37 41 49 41 49 41 37 29 20 18 
2 0 0 0 0 0 2 4 7 7 7 14 50 45 5 0 6 2 9 185 193 198 224 224 219 224 224 227 227 231 227 231 227 219 219 219 224 219 201 190 180 64 3 0 0 0 0 0 13 20 29 56 96 108 98 98 109 108 71 63 96 109 110 110 102 77 82 98 107 131 169 169 177 180 159 134 80 58 67 82 72 96 98 101 109 115 115 131 143 157 167 167 169 169 169 185 190 193 203 212 219 219 171 0 0 0 0 0 8 15 20 20 29 29 29 36 37 37 41 37 41 37 41 41 37 29 20 15 
7 7 7 1 0 0 0 2 2 2 4 4 22 8 1 12 23 14 25 195 190 187 219 224 219 224 227 227 231 232 232 231 224 219 219 224 227 224 212 195 180 61 3 0 0 0 0 0 4 20 29 36 68 98 88 67 96 101 69 57 72 115 127 121 127 98 82 82 101 131 157 169 169 167 159 108 62 51 63 63 63 73 90 72 82 101 107 125 138 138 157 169 177 177 180 193 201 205 203 205 219 219 171 0 0 0 0 0 0 13 18 20 29 29 29 36 29 37 42 37 41 37 37 29 29 20 15 14 
15 18 20 20 12 1 0 0 2 2 2 2 0 0 2 38 26 6 25 193 190 187 219 224 224 224 227 227 227 231 232 227 224 219 224 224 227 224 205 190 183 19 0 0 0 0 0 0 2 18 20 36 56 73 82 67 73 101 90 57 67 101 127 125 125 127 93 73 82 107 109 157 167 169 167 127 62 57 63 72 72 96 108 98 72 98 101 115 136 161 157 167 185 180 180 190 201 201 201 212 212 212 183 5 0 0 0 0 0 0 13 20 29 29 37 29 29 29 29 29 37 29 29 29 20 18 15 14 
15 20 29 36 29 15 5 0 0 0 0 3 0 0 0 2 1 0 66 193 190 187 219 224 219 224 227 227 231 231 231 227 219 224 227 227 227 224 219 201 171 11 0 0 0 0 0 0 0 13 20 41 49 73 90 63 67 82 107 71 57 72 101 121 128 127 88 82 88 98 115 137 157 181 174 149 77 62 63 63 73 107 108 108 98 107 98 98 109 125 137 169 186 180 186 193 201 201 205 212 212 212 183 5 0 0 0 4 0 0 0 8 20 36 37 37 29 37 29 29 29 29 20 18 18 18 14 15 
18 29 29 65 57 37 20 14 1 0 0 0 0 0 2 2 2 2 126 201 190 198 212 219 219 227 227 227 232 232 232 227 224 224 232 227 227 224 212 205 153 5 0 0 0 0 0 0 0 4 18 36 49 73 98 67 63 90 101 98 57 63 82 107 125 121 108 88 67 82 115 138 157 169 181 159 103 72 62 57 72 96 109 110 136 145 132 110 110 125 146 157 167 169 180 186 199 201 201 201 205 205 183 3 0 0 1 14 4 0 0 0 8 22 29 37 29 29 29 20 20 18 14 18 18 20 15 18 
15 15 22 58 73 57 20 20 20 5 0 0 0 0 2 2 2 2 182 205 183 187 212 212 219 224 227 227 231 232 236 238 231 227 231 231 227 224 212 205 119 3 0 0 0 0 0 0 0 2 18 24 49 63 72 82 72 82 101 88 67 42 63 96 115 128 101 88 72 73 96 138 169 177 177 169 103 63 67 63 72 98 101 109 146 157 157 146 159 138 169 169 177 180 186 186 203 205 205 204 205 212 171 0 0 0 13 29 14 5 0 0 0 0 3 8 8 8 15 15 14 14 14 15 18 20 18 15 
55 55 23 23 18 18 22 15 18 15 2 0 0 0 0 0 0 9 187 212 194 198 212 219 219 224 227 227 231 227 231 227 224 227 231 227 227 224 212 205 46 0 0 0 0 0 0 0 0 2 13 20 56 67 71 72 82 90 108 108 62 41 58 82 107 101 109 82 67 72 82 107 146 157 164 159 80 51 67 67 72 98 98 107 146 157 145 157 167 167 169 169 177 174 186 185 195 212 212 193 205 205 153 0 0 0 4 24 32 34 0 0 0 0 0 0 1 7 14 14 18 18 15 18 15 15 18 20 
99 82 62 57 51 41 23 17 7 4 2 0 0 0 0 0 0 9 203 205 183 203 212 219 224 224 227 227 227 231 227 224 219 224 231 232 231 227 219 194 19 0 0 0 0 0 0 0 0 0 13 20 36 63 72 67 73 82 96 99 62 41 49 72 101 101 115 98 82 67 68 96 138 145 143 112 67 51 63 73 67 96 88 107 125 138 157 167 169 169 177 180 186 180 190 190 203 219 209 205 212 205 153 0 0 0 0 13 42 85 35 0 0 0 0 2 10 15 15 18 18 18 18 18 18 18 20 18 
77 57 55 57 55 45 41 30 30 27 27 27 27 27 27 20 14 66 203 205 183 203 219 219 224 224 227 227 227 227 231 227 224 227 232 231 227 224 219 153 3 0 0 0 0 0 0 0 0 2 13 20 36 58 82 67 72 98 101 82 51 41 41 67 82 115 101 98 82 72 63 98 138 137 121 88 62 51 49 67 73 96 98 115 145 146 167 169 177 180 177 186 185 180 180 186 212 215 205 201 205 205 78 0 0 0 0 3 10 44 156 0 0 0 2 4 14 18 18 18 20 18 18 18 18 14 15 15 
149 149 123 102 90 77 62 57 51 51 49 51 41 37 37 29 20 85 212 212 174 205 212 219 219 224 224 227 227 227 227 224 224 227 232 231 227 227 219 46 0 0 0 0 0 0 0 0 0 0 13 18 29 41 51 57 58 82 98 67 45 49 41 63 73 115 121 103 72 73 82 96 125 115 110 98 45 41 49 51 73 82 98 115 128 138 157 169 169 180 177 180 185 185 186 186 212 212 205 201 194 201 46 0 0 0 0 0 0 0 38 0 0 0 2 10 14 18 20 20 20 20 18 18 18 15 18 18 
219 195 195 185 174 149 102 90 67 57 57 51 41 37 37 29 20 151 212 194 169 205 212 219 219 224 227 227 227 227 227 227 227 232 232 231 227 224 209 19 0 0 0 0 0 0 0 0 0 0 4 18 24 37 49 49 57 72 90 72 41 49 62 65 96 109 108 82 72 63 72 98 107 132 109 80 51 41 49 49 73 82 82 125 125 146 157 167 167 169 167 177 180 180 180 185 201 205 201 193 195 201 16 0 0 0 0 0 0 0 0 0 0 2 7 14 18 20 29 29 20 20 20 18 15 14 14 15 
232 224 224 212 195 185 174 145 108 90 67 57 51 49 41 37 36 187 205 183 187 205 205 219 224 227 227 227 232 227 227 224 227 232 232 232 231 224 153 11 0 0 0 0 0 0 0 0 2 2 2 13 18 37 41 49 58 72 96 98 62 58 73 82 101 128 110 98 88 73 90 98 131 121 103 62 45 49 57 49 57 67 73 101 109 131 128 143 157 177 169 177 185 174 177 185 203 201 205 201 193 171 0 0 0 0 0 0 0 0 0 0 0 2 10 14 20 29 29 20 20 20 20 18 15 18 18 20 
236 231 227 227 224 212 195 180 149 125 98 67 57 41 37 37 50 186 199 159 187 212 205 212 224 227 227 231 227 231 227 227 232 236 236 232 231 224 119 0 0 0 0 0 0 0 0 2 2 2 2 13 18 36 57 51 49 72 90 88 62 49 65 73 107 121 127 98 82 82 90 107 132 121 99 71 59 56 63 51 58 67 72 72 82 101 121 136 145 169 167 169 177 167 169 187 203 205 201 199 181 64 0 0 0 0 0 0 0 0 0 0 0 2 7 14 20 37 29 29 20 20 18 15 14 14 18 20 
238 236 232 231 227 219 212 195 185 169 159 88 57 45 29 20 85 177 186 145 187 201 205 212 219 227 227 231 232 227 227 232 232 236 236 236 231 224 46 0 0 0 0 0 0 0 0 2 2 2 2 4 13 24 49 51 49 67 96 88 67 49 73 90 98 125 136 110 98 98 101 115 137 121 88 62 32 36 41 37 36 36 58 42 58 72 98 125 157 167 167 169 177 177 180 203 212 201 201 190 153 16 0 0 0 0 0 0 0 0 0 0 0 0 7 15 20 20 29 29 20 18 18 18 18 18 20 29 
238 236 236 232 232 224 219 212 190 180 167 103 71 37 37 20 111 177 186 158 193 201 201 212 224 227 227 227 231 231 227 232 232 236 236 231 227 209 16 0 0 0 0 0 0 0 2 2 2 2 2 2 10 18 36 42 49 63 73 98 62 49 63 82 107 131 132 109 101 98 90 101 127 132 98 77 32 29 42 29 29 29 36 41 41 63 88 115 136 145 157 169 177 169 177 203 205 193 190 183 93 0 0 1 1 1 0 0 0 0 0 0 0 0 4 10 18 20 20 20 18 18 18 18 18 20 29 29 
238 236 236 236 231 227 224 219 205 190 174 120 88 62 37 36 158 180 159 158 203 195 203 212 224 227 232 232 231 227 227 232 236 236 236 236 231 191 0 0 0 0 0 0 0 2 2 2 2 2 2 2 4 15 20 29 36 58 73 107 62 41 58 72 107 125 161 145 109 98 96 98 115 127 101 80 45 18 20 20 20 29 29 36 51 63 96 88 121 138 137 157 174 169 185 199 199 201 186 133 3 12 49 57 57 63 57 27 12 0 0 0 0 0 2 7 15 18 18 18 18 18 20 20 20 29 29 37 
243 238 238 236 236 232 231 224 212 201 180 139 88 62 29 50 157 177 159 187 201 205 205 212 224 227 232 232 231 227 227 232 236 236 236 236 231 46 0 0 0 0 2 0 0 2 2 2 2 2 2 2 2 13 18 20 29 57 72 98 72 51 49 67 96 131 167 167 127 98 101 110 121 108 108 67 45 20 20 20 18 29 36 49 67 63 72 96 130 136 149 146 169 177 180 193 193 186 133 16 9 41 58 63 73 73 77 65 57 45 12 1 0 0 0 2 10 15 15 18 18 20 20 20 29 29 36 37 
243 241 241 240 240 240 236 227 219 201 180 159 93 51 32 85 169 167 132 187 195 193 201 212 224 227 231 231 232 231 227 232 236 236 236 236 227 16 0 0 0 0 0 0 2 2 2 2 2 2 2 2 2 4 15 20 29 49 63 82 71 51 42 63 73 115 167 167 121 108 101 115 110 101 99 62 37 20 18 18 20 20 36 49 58 49 73 109 146 167 169 177 177 177 186 190 190 159 16 0 13 41 63 110 130 149 161 149 102 72 57 57 27 1 0 0 2 6 15 18 18 20 20 29 29 29 37 37 
253 250 250 250 250 249 238 227 219 201 174 112 67 37 15 85 157 138 138 185 186 190 205 212 224 227 232 232 232 231 232 232 236 238 236 231 191 0 0 0 0 0 0 2 2 2 2 2 2 2 2 2 2 4 18 18 29 41 63 73 72 57 37 41 63 101 131 138 109 101 90 101 98 115 71 51 20 18 15 18 18 20 29 36 41 58 82 115 131 157 169 169 177 177 180 186 174 46 0 0 1 41 72 111 187 205 219 194 165 110 90 72 67 63 55 12 1 0 4 10 18 18 20 29 36 37 37 37 
254 252 254 252 252 250 238 231 219 190 159 88 51 20 10 68 115 127 131 185 177 185 193 201 224 227 231 232 231 232 232 236 236 238 236 231 46 0 0 0 0 2 0 2 2 2 2 2 0 2 0 2 0 2 6 18 20 36 63 82 90 51 37 36 49 63 101 99 99 82 98 98 98 98 45 37 20 10 7 7 10 18 18 20 29 36 58 88 101 131 177 180 169 177 186 173 64 0 0 30 20 36 56 111 203 224 232 226 226 183 139 102 108 82 72 67 67 27 12 4 10 18 20 29 29 29 37 37 
250 250 250 250 252 249 238 224 212 183 103 51 32 6 3 44 87 88 96 169 167 177 185 198 224 227 232 231 231 232 232 236 236 236 236 223 3 0 0 0 2 2 2 2 2 2 2 2 2 2 2 2 2 2 2 10 20 29 63 82 98 51 37 29 41 58 67 67 51 58 82 87 72 67 57 29 20 6 7 10 10 10 10 18 20 20 29 58 82 131 137 157 164 164 116 46 0 0 30 71 20 36 68 182 219 224 237 245 249 253 233 208 149 139 135 123 95 77 62 57 23 14 18 20 29 29 29 29 
248 248 245 245 241 241 231 224 194 134 59 26 11 3 0 18 42 42 44 121 109 140 169 186 212 227 227 227 227 227 232 236 236 236 231 46 0 0 0 0 0 2 0 2 2 2 2 2 0 2 0 0 2 0 2 4 10 18 49 96 88 62 37 29 29 41 42 49 49 56 72 67 67 67 49 20 10 2 4 4 10 10 6 7 15 15 15 22 42 58 87 59 59 86 154 43 79 154 153 69 55 41 73 144 186 215 237 249 252 254 254 249 240 233 233 233 233 233 197 150 77 45 23 18 20 29 29 29 
248 241 241 238 236 231 227 209 173 86 79 79 79 79 79 154 154 154 154 154 154 154 117 167 181 212 224 219 224 227 231 236 231 231 200 3 0 0 0 0 0 0 0 0 0 0 0 0 0 0 0 2 0 2 0 2 10 13 36 68 82 71 37 29 20 20 29 37 42 51 49 63 58 59 35 3 2 0 2 2 4 7 4 4 4 6 4 6 6 3 3 25 230 250 249 248 245 224 156 56 62 49 73 131 177 203 232 248 252 254 254 254 250 252 254 253 252 254 250 242 165 123 63 34 23 18 18 20 
245 241 238 238 236 231 224 216 233 232 236 236 236 236 236 236 236 238 238 236 238 238 238 238 232 233 226 216 212 219 224 227 227 200 46 0 0 0 0 0 0 0 0 0 0 0 0 0 0 0 0 0 0 0 2 0 2 4 15 36 63 62 32 18 20 20 29 29 36 37 37 51 37 20 11 0 0 0 0 2 2 2 4 3 2 2 0 0 0 0 0 64 230 249 246 246 246 226 153 55 58 45 73 73 131 198 227 241 249 252 254 254 252 252 252 253 254 253 254 242 184 223 160 95 51 23 18 15 
243 238 238 231 231 232 236 236 236 238 238 238 238 236 238 238 238 238 238 238 238 238 238 238 238 238 238 238 238 236 232 226 226 197 79 79 79 79 43 43 43 1 0 0 0 0 0 0 0 0 0 0 0 2 2 2 0 2 4 15 22 26 15 6 10 15 18 29 29 36 41 37 26 6 0 0 0 0 0 0 0 2 2 2 2 2 0 0 0 0 0 25 230 234 234 226 153 38 38 58 63 32 73 96 131 157 181 227 237 245 245 248 249 246 249 252 254 254 254 239 150 120 131 134 72 57 49 27 
238 236 231 232 236 238 238 238 238 238 238 238 238 238 238 238 238 238 238 238 238 238 238 238 238 238 238 238 238 241 238 238 238 236 236 232 236 236 236 236 236 236 208 211 79 43 0 0 0 0 0 0 0 0 0 0 0 0 0 3 10 6 4 2 4 10 18 20 29 29 29 20 6 0 0 0 0 0 0 0 0 0 0 0 0 0 0 0 0 0 0 0 0 0 0 8 8 3 0 6 8 8 56 105 143 138 181 198 219 227 227 231 237 238 232 237 248 249 250 249 214 120 99 67 67 72 63 57 
231 227 219 232 238 238 238 241 241 241 241 241 241 241 238 238 238 238 238 238 241 238 241 241 241 241 238 238 238 238 238 238 238 238 238 238 238 238 238 238 238 238 238 238 238 236 226 154 43 12 0 0 0 0 0 0 0 0 0 0 2 2 2 0 0 4 10 18 20 20 15 6 3 0 0 0 0 0 0 0 0 0 0 0 0 0 0 0 0 0 0 0 0 0 0 0 0 0 0 12 12 30 58 58 58 58 70 74 83 83 155 155 222 222 202 234 237 241 237 241 223 149 93 51 49 49 63 67 
227 219 198 236 238 238 241 241 243 241 243 241 241 238 238 238 238 238 238 238 241 238 241 241 241 241 241 238 238 238 238 238 238 238 238 241 241 241 238 238 241 241 241 238 238 238 238 236 236 232 197 154 43 0 0 0 0 0 0 0 0 0 0 0 0 2 4 18 18 15 6 3 0 0 0 0 0 0 0 0 0 0 0 0 0 0 0 0 0 0 0 0 0 0 0 1 43 27 63 63 49 57 49 49 57 57 57 49 41 41 41 37 29 29 37 29 41 52 38 83 83 87 71 49 49 41 42 49 
184 116 126 238 238 241 243 243 243 243 243 243 241 241 238 241 241 238 238 241 241 241 241 241 241 241 241 241 241 238 241 241 241 241 241 241 241 241 241 241 241 243 243 243 243 241 238 241 241 238 238 238 236 197 79 12 0 0 0 0 0 0 0 0 0 2 4 6 6 2 2 2 2 0 0 0 0 0 0 0 0 0 0 0 0 0 0 0 0 0 0 0 0 1 30 58 51 49 51 41 41 42 41 41 41 49 51 49 57 49 49 49 41 41 41 41 41 41 41 49 49 57 57 69 154 79 55 41 
42 26 126 237 241 243 245 245 245 245 245 245 243 241 241 241 241 241 241 241 241 241 241 241 243 241 241 241 241 241 241 243 243 243 243 241 241 241 243 245 248 248 248 245 245 245 245 243 243 243 243 241 241 241 238 236 208 43 2 2 2 1 1 1 1 1 14 14 14 18 23 12 30 27 27 27 27 12 12 12 1 0 0 0 0 0 0 0 0 0 0 1 18 29 36 41 41 41 41 41 41 37 36 37 36 37 37 37 42 42 41 41 41 49 49 51 49 57 57 57 57 63 73 129 216 209 185 175 
22 28 216 237 241 243 245 243 245 245 248 245 245 243 243 241 241 241 241 241 241 241 243 243 248 241 241 241 241 243 243 243 248 248 248 245 243 245 248 249 249 250 249 249 250 250 249 249 249 248 248 248 245 245 243 245 243 238 78 4 7 14 14 20 23 20 20 20 37 37 37 41 49 51 58 51 57 57 51 57 51 57 49 27 27 12 12 12 12 27 79 79 39 29 36 41 41 51 41 41 36 37 37 29 36 37 13 29 29 29 29 37 37 41 41 41 41 41 49 57 65 82 107 221 237 243 226 227 
7 85 224 221 238 241 243 243 243 245 245 243 243 243 241 241 241 241 241 241 241 241 241 245 248 243 241 241 241 243 245 248 249 248 249 249 250 252 252 252 252 251 246 246 251 251 252 250 250 250 250 250 249 248 249 249 250 249 220 18 18 18 22 22 26 18 20 29 29 37 41 41 41 41 49 49 51 49 51 49 51 49 51 42 42 37 37 41 49 96 161 177 216 150 55 36 49 49 49 41 41 37 29 37 41 37 50 35 29 29 29 37 36 41 49 49 41 49 49 63 82 104 187 233 223 168 235 216 
161 178 197 178 238 241 241 241 243 243 243 241 241 241 241 241 238 238 238 241 241 241 243 245 248 243 241 243 241 248 249 248 248 249 249 250 251 246 225 225 224 226 232 232 236 236 236 236 237 246 246 246 246 246 246 246 246 231 197 154 154 79 43 0 2 18 18 20 36 41 49 49 41 49 49 49 51 57 49 49 49 41 37 37 37 41 49 57 73 131 177 189 233 240 197 76 29 42 41 36 41 41 41 41 49 32 25 197 55 41 41 41 49 49 57 49 49 57 57 63 90 207 213 247 239 226 237 243 
159 114 216 203 238 241 241 241 241 241 243 243 241 241 238 238 238 238 238 241 238 243 245 245 248 245 241 243 243 248 249 245 245 245 246 225 224 226 227 232 232 236 236 238 241 243 245 245 245 243 240 236 232 232 232 232 240 238 238 238 241 241 243 239 154 43 18 18 29 41 57 63 57 57 49 49 57 57 49 49 41 37 37 37 41 49 63 73 90 161 203 200 155 225 204 183 33 20 29 36 37 29 41 37 32 30 129 198 54 41 41 41 42 49 49 57 57 57 63 90 104 187 240 237 225 248 240 243 
128 88 218 224 237 238 241 241 241 241 243 243 243 241 241 241 241 241 238 241 243 245 243 243 245 243 241 241 238 238 237 236 236 231 224 226 227 232 232 236 236 236 238 241 241 243 243 245 248 248 248 248 245 243 245 245 245 245 245 245 243 245 245 245 245 243 239 150 18 20 36 49 63 72 72 63 57 57 57 49 51 49 41 49 57 63 90 104 158 203 237 239 208 203 226 209 76 20 29 29 29 37 37 32 11 75 209 119 41 41 41 37 37 41 49 49 49 57 73 82 111 198 230 242 232 248 248 241 
