217 224 224 224 224 224 227 224 227 224 227 227 227 227 227 227 227 227 227 224 224 224 224 224 224 224 227 227 227 227 227 227 227 227 227 227 227 227 224 227 227 227 227 227 227 227 227 227 227 227 227 227 227 236 245 252 250 248 248 248 248 249 249 249 249 250 252 252 252 254 254 252 250 249 250 249 250 250 250 250 250 250 248 245 249 248 248 248 248 248 245 243 241 243 241 238 236 241 238 241 238 236 236 236 232 231 231 231 231 232 232 231 231 232 231 232 231 231 231 231 232 231 232 231 231 232 231 231 
217 224 224 224 224 224 224 224 224 224 224 227 227 227 227 227 227 227 227 227 224 224 224 224 224 224 227 227 227 227 227 227 227 227 227 227 227 227 224 227 227 227 227 227 227 227 224 227 224 227 227 227 237 238 248 248 248 249 249 253 252 250 250 249 250 249 250 250 252 252 252 254 252 250 249 249 249 252 252 250 250 250 248 248 249 249 248 248 247 249 248 248 245 245 245 241 243 243 241 241 231 236 236 236 236 231 231 232 232 232 231 231 232 232 231 232 232 231 232 232 232 236 232 232 232 232 231 232 
217 224 224 224 224 224 224 224 224 224 227 227 227 227 227 227 227 227 227 227 224 227 224 224 224 224 227 227 227 227 227 227 227 227 227 227 227 224 224 224 227 227 227 224 224 224 224 227 224 224 224 237 238 241 249 252 252 252 254 254 252 250 250 250 249 249 250 250 250 252 252 250 250 250 249 249 248 249 252 254 250 250 249 248 249 249 249 248 248 249 248 249 249 248 248 248 248 248 245 243 231 231 236 238 236 231 236 231 232 232 232 232 231 231 232 231 232 231 231 232 232 236 231 231 232 231 232 236 
217 224 224 224 224 224 224 224 224 224 227 227 227 227 227 227 227 227 227 227 227 224 224 227 224 224 227 227 227 227 227 227 227 231 227 227 227 227 227 224 227 227 227 224 224 227 224 227 224 224 227 237 240 253 254 254 254 254 254 252 252 252 250 250 249 248 248 248 249 249 249 249 248 249 249 249 249 249 248 252 252 250 249 243 248 249 250 249 249 249 249 250 250 250 249 249 249 248 248 245 241 238 236 238 236 240 236 232 231 232 232 236 232 231 231 231 232 232 232 232 232 236 231 231 231 232 231 231 
217 224 224 224 224 224 227 224 224 224 227 227 227 227 227 227 227 227 227 224 227 227 224 224 224 224 227 227 227 227 227 227 227 227 227 227 227 227 227 227 227 227 227 224 227 227 227 224 224 232 244 254 254 254 254 254 252 252 254 252 252 252 250 248 248 248 249 245 248 243 241 245 248 245 248 245 248 249 248 247 252 249 245 238 245 248 249 248 248 248 249 250 250 250 250 250 250 249 249 249 243 243 238 236 236 237 242 231 232 236 232 232 232 232 231 232 231 232 232 231 231 236 232 232 231 231 231 231 
217 224 224 224 224 224 224 224 227 224 227 227 227 227 227 227 227 227 227 227 227 224 227 227 224 224 227 227 227 227 227 227 227 227 227 227 227 227 224 227 227 227 224 224 224 224 224 226 240 249 250 250 250 252 254 252 252 252 252 252 252 253 253 252 252 250 249 248 248 241 241 240 236 231 231 237 246 245 246 236 246 249 231 224 237 238 243 237 241 241 241 249 250 252 250 252 252 250 252 250 246 243 240 240 236 236 237 232 236 236 236 238 236 236 231 232 232 231 231 232 232 236 236 231 231 231 232 231 
217 224 224 224 224 224 224 224 224 224 224 227 227 227 227 227 227 227 227 227 227 227 227 227 227 227 227 227 227 227 227 227 227 227 227 227 227 227 227 227 224 224 224 224 224 232 238 243 245 248 248 250 250 250 252 252 252 252 254 254 254 252 252 250 249 249 249 249 245 241 238 240 243 238 231 227 224 227 227 224 219 225 209 186 221 224 227 227 231 227 236 237 248 248 250 252 252 252 252 250 249 249 248 245 238 238 236 236 236 238 236 238 236 236 231 231 232 231 232 231 236 231 231 231 232 232 231 236 
217 224 227 224 224 224 224 224 224 224 227 227 227 227 227 227 227 227 227 227 227 227 227 227 227 227 227 227 227 227 227 227 227 227 232 227 227 227 227 227 227 227 227 232 240 238 243 245 248 249 250 250 250 252 254 252 252 250 250 250 253 254 254 254 254 254 250 252 246 246 246 225 231 224 224 226 226 216 194 164 164 164 181 177 186 219 224 224 227 224 227 232 237 246 248 248 250 252 252 250 250 249 248 245 243 243 240 240 240 240 240 241 238 238 247 236 232 231 232 236 232 231 232 231 232 231 231 231 
217 224 224 224 227 227 224 224 224 224 227 227 227 227 227 227 227 227 227 227 227 227 227 227 227 224 227 224 227 227 227 227 227 227 227 227 227 227 224 227 227 232 240 248 243 245 248 249 249 250 250 252 252 252 252 250 250 253 254 254 254 250 250 252 252 249 248 246 235 231 232 232 240 240 245 238 224 209 180 134 101 88 107 157 177 203 219 227 231 241 240 226 227 237 238 241 249 250 253 250 248 248 249 250 250 250 248 248 249 245 245 243 238 238 241 243 232 232 236 231 231 231 231 231 232 231 231 231 
217 224 224 224 224 227 224 227 224 224 227 227 227 227 227 227 227 227 227 227 227 227 227 227 227 227 227 227 227 227 227 227 227 227 227 227 227 227 227 240 253 253 249 245 248 248 245 248 249 249 250 250 252 250 250 253 254 254 254 250 253 252 250 249 241 236 236 227 227 232 244 249 246 246 238 232 231 215 189 134 108 82 96 161 181 204 210 224 224 232 246 249 240 232 231 236 237 249 249 252 249 248 248 249 250 252 254 252 254 252 252 250 245 241 248 249 248 236 232 232 232 232 232 232 232 232 232 236 
217 227 227 224 224 227 224 224 224 224 227 227 227 227 227 227 227 227 227 227 227 227 227 227 227 227 227 227 227 227 227 227 227 227 227 227 227 233 248 250 254 252 249 248 248 245 248 249 249 249 250 249 253 254 254 254 254 249 249 252 250 248 248 242 237 240 231 232 248 250 250 249 249 248 243 236 224 194 174 167 149 123 132 169 185 181 186 204 204 227 237 245 250 248 232 231 239 237 250 252 253 253 248 245 249 249 250 252 252 254 252 250 249 248 245 249 254 253 231 236 238 236 236 236 232 236 232 236 
217 227 227 224 227 224 224 224 224 224 227 227 224 224 227 227 227 227 227 227 227 227 227 227 227 227 227 227 227 227 227 227 224 227 227 232 244 249 253 254 254 252 249 248 248 248 249 249 250 250 250 254 254 254 252 246 243 249 252 249 248 246 241 238 235 232 240 249 252 252 252 252 250 248 246 236 231 227 216 183 177 180 175 195 174 189 189 189 216 212 212 225 248 250 249 240 231 243 237 252 254 250 250 243 241 243 248 249 249 250 252 252 253 248 249 243 249 252 253 240 236 237 240 232 236 236 236 236 
217 224 227 224 224 224 227 227 224 224 227 224 224 227 227 227 227 227 227 227 227 227 227 227 227 224 227 227 224 224 224 224 224 232 240 253 253 254 254 254 252 250 249 248 249 249 249 249 252 254 254 254 254 250 245 248 252 250 249 245 248 248 238 236 236 244 250 253 252 254 252 251 246 236 231 209 204 199 210 219 216 216 216 194 186 181 164 193 219 232 231 226 232 248 250 253 240 231 243 237 252 252 250 250 243 241 245 248 249 249 250 250 252 253 249 249 248 254 254 253 240 236 237 253 236 236 236 236 
217 224 227 224 224 224 227 227 227 227 227 227 227 227 227 227 227 227 227 227 227 227 227 227 227 227 227 227 227 224 224 226 232 244 251 253 254 254 254 252 252 249 245 248 249 249 250 252 252 254 252 250 249 243 252 252 249 246 243 249 246 236 240 249 252 253 254 254 254 252 242 223 225 204 184 204 195 195 203 219 219 224 227 219 203 187 216 189 175 189 221 237 240 236 247 252 249 239 227 243 247 254 250 252 253 243 245 245 245 249 250 250 252 252 254 253 250 254 254 254 253 253 236 237 253 236 236 236 
217 224 227 224 224 224 227 224 227 224 227 224 227 227 227 227 227 227 227 227 227 227 227 227 227 227 227 227 227 232 231 232 254 254 254 254 254 254 254 250 249 248 249 249 249 250 252 252 252 250 249 243 249 254 254 250 246 244 250 246 232 245 249 252 252 254 254 254 249 235 200 159 138 161 157 187 226 226 232 232 240 240 236 232 227 224 189 212 203 210 225 224 231 245 240 249 254 249 238 237 243 248 254 250 254 253 248 243 238 241 248 250 252 252 254 252 252 252 253 254 254 250 242 236 237 253 236 236 
217 224 224 224 224 224 227 227 227 227 227 227 227 224 227 227 227 227 227 227 227 227 227 227 227 227 227 232 231 227 233 254 254 254 254 254 254 254 252 248 249 249 250 250 252 254 254 250 249 246 241 244 254 250 248 248 253 251 236 244 249 250 249 252 254 254 254 248 225 164 145 161 175 189 216 226 238 240 243 243 245 245 245 243 240 238 232 226 224 216 209 198 210 227 245 249 252 254 248 236 237 248 249 254 250 252 250 248 238 238 241 248 249 249 252 252 252 252 254 254 253 254 253 232 236 245 253 236 
217 224 224 224 224 227 227 227 227 227 227 227 227 227 224 227 227 227 227 227 227 227 227 227 227 227 232 235 224 233 254 255 254 254 254 254 254 252 250 249 249 249 250 252 254 254 249 249 237 240 253 254 250 249 249 254 246 238 245 249 252 249 250 254 254 254 246 200 161 189 189 216 226 236 240 243 245 248 249 249 249 250 249 248 248 248 243 243 240 226 227 226 213 224 237 248 249 254 253 248 231 247 248 250 253 252 254 249 245 238 237 243 248 249 250 252 252 252 252 254 254 254 254 240 236 237 251 242 
217 224 224 224 224 224 227 227 227 227 227 227 227 227 227 227 227 227 227 227 227 227 227 227 227 232 231 227 244 254 254 254 254 254 254 254 254 252 249 249 249 250 252 254 250 248 241 236 245 254 254 249 249 253 254 242 241 245 252 254 249 250 254 254 254 246 224 216 216 226 232 237 240 248 248 248 249 249 250 252 250 250 252 250 249 249 249 249 249 240 236 232 232 226 224 237 250 252 254 253 242 231 248 245 254 252 254 253 248 248 240 237 243 248 250 252 252 252 254 252 254 254 254 254 240 236 236 254 
217 224 227 224 227 227 227 227 227 227 227 227 227 227 227 227 224 227 227 224 227 227 227 227 236 227 227 233 254 254 254 254 254 254 254 254 254 252 250 250 253 254 254 250 245 243 236 244 254 250 248 249 252 250 246 241 248 252 254 248 248 254 254 254 249 231 226 224 232 240 243 243 245 248 249 249 250 250 252 252 250 252 252 252 252 252 250 249 248 250 249 240 231 236 232 232 245 252 254 254 253 240 237 248 249 253 250 254 249 248 245 243 241 241 245 252 252 252 252 252 252 254 254 254 254 240 231 247 
217 224 224 224 227 227 227 227 227 227 227 227 227 227 227 227 224 224 227 227 224 227 224 231 224 224 233 254 254 254 254 254 254 254 254 254 252 250 252 254 254 254 249 238 241 241 244 254 250 249 250 254 249 248 248 249 252 254 250 248 254 254 254 250 238 231 224 236 243 241 243 245 248 249 250 250 252 252 252 254 252 254 254 252 252 252 252 252 250 249 249 249 245 238 231 236 237 250 254 254 254 253 238 245 248 249 253 252 253 249 248 245 243 243 243 245 250 252 252 252 252 254 254 254 254 253 236 237 
217 224 224 224 224 227 227 224 227 227 227 227 227 227 227 227 227 227 227 227 227 227 231 224 224 240 254 254 254 254 254 254 254 254 254 252 250 252 254 254 252 248 238 238 244 254 254 249 249 252 254 250 243 249 252 254 254 251 245 254 254 254 254 245 235 227 236 241 241 245 248 249 250 250 252 252 252 254 254 254 254 254 254 254 254 254 252 252 253 252 250 249 248 248 240 236 237 248 254 254 254 254 248 243 248 245 250 250 254 253 248 248 248 248 241 241 245 252 252 252 254 254 254 254 253 254 253 232 
217 224 224 224 224 224 224 224 227 227 227 227 227 227 227 227 227 227 227 227 227 231 227 227 244 254 252 254 254 254 254 254 254 254 252 249 252 254 254 254 248 238 243 249 253 254 250 250 250 254 255 246 244 254 254 254 246 237 254 254 254 254 249 235 232 231 241 241 245 248 249 250 254 252 254 254 254 254 254 254 254 254 254 254 254 254 254 254 254 254 254 252 250 248 249 243 238 245 252 254 254 253 252 243 243 249 245 252 252 254 248 248 245 248 245 243 245 248 252 252 252 254 254 254 254 254 254 238 
217 224 224 224 224 227 224 224 224 227 227 227 227 227 227 227 227 227 227 227 231 227 240 237 254 253 254 254 254 254 254 254 254 252 249 250 254 254 254 248 243 245 250 254 254 250 250 254 254 251 238 249 254 254 254 250 236 252 254 254 254 249 235 227 231 237 243 245 249 250 250 252 254 254 254 254 254 254 254 254 254 254 254 254 254 254 254 254 254 254 254 254 252 252 249 248 243 237 250 254 254 254 254 249 248 245 249 247 250 254 249 248 248 248 248 248 243 241 249 254 252 252 254 254 254 254 254 253 
217 224 224 224 227 224 224 224 224 227 227 227 224 227 227 227 227 227 227 231 227 236 227 244 254 254 254 254 254 254 254 254 252 250 249 252 254 254 250 243 245 250 254 254 252 250 254 254 250 241 244 254 254 254 248 235 244 254 254 254 251 238 227 227 232 245 248 249 250 252 254 254 254 254 254 254 254 254 254 254 254 254 254 254 254 254 254 254 254 254 254 254 254 254 252 249 245 243 245 254 254 254 254 253 248 243 249 243 252 252 252 248 248 245 248 248 249 243 241 250 254 254 254 254 254 254 254 254 
218 224 224 224 224 224 224 224 227 224 227 227 227 227 227 227 224 227 232 227 231 224 244 254 254 254 254 254 254 254 254 254 249 249 252 254 254 254 248 248 250 252 254 252 249 254 254 254 243 250 252 254 254 249 236 244 254 254 254 251 235 232 227 232 245 245 249 250 252 254 254 254 254 254 254 254 254 254 254 254 254 254 254 254 254 254 254 254 254 254 254 254 254 254 254 250 248 248 243 252 254 254 254 254 253 248 245 249 250 250 254 250 249 248 248 249 248 250 245 248 252 252 254 254 254 254 254 254 
218 224 224 224 224 224 224 224 224 224 227 227 227 227 227 227 224 227 231 227 227 244 254 254 254 254 254 254 254 254 254 249 250 252 254 254 254 249 245 250 254 254 252 249 252 254 251 245 249 252 254 255 246 231 243 254 254 254 255 236 232 227 232 245 245 249 252 254 254 254 254 254 254 254 254 254 254 254 254 254 254 254 254 254 254 254 254 254 254 254 254 254 254 254 254 254 250 248 248 249 254 254 254 254 254 248 248 249 249 253 254 253 248 248 248 248 248 248 249 245 250 252 254 252 254 254 254 254 
217 224 224 224 224 224 224 224 224 224 224 224 227 227 224 227 224 227 224 224 232 249 254 254 254 254 254 254 254 254 250 250 252 252 254 254 252 249 252 250 254 252 250 252 254 254 248 252 252 254 254 242 225 240 252 254 254 254 242 231 227 227 237 248 249 250 252 254 254 254 254 254 254 254 254 254 254 254 254 254 254 254 254 254 254 254 254 254 254 254 254 254 254 254 254 254 250 249 248 245 252 254 254 254 254 249 248 248 249 252 252 254 249 249 245 249 249 248 249 248 248 250 252 252 252 254 254 253 
218 224 224 224 224 224 224 224 227 224 224 227 227 227 227 224 227 227 227 226 238 254 254 254 254 254 254 254 254 254 249 252 254 254 254 254 250 252 252 254 250 250 252 254 254 249 254 254 254 254 246 225 233 252 254 254 254 254 236 231 227 232 245 248 249 252 254 254 254 254 254 254 254 254 254 254 254 254 254 254 254 254 254 254 254 254 254 254 254 254 254 254 254 254 254 254 252 250 248 243 248 254 254 254 254 252 248 248 250 249 252 252 252 248 248 248 249 250 245 250 248 250 252 252 252 254 254 254 
218 224 224 224 224 224 224 224 224 227 224 227 224 227 224 227 227 224 224 231 244 254 254 254 254 254 254 254 254 252 249 254 254 254 254 252 249 255 252 249 252 250 254 254 253 254 254 254 254 246 194 226 249 254 254 254 254 242 232 227 232 241 245 249 250 252 254 254 254 254 254 254 254 254 254 254 254 254 254 254 254 254 254 254 254 254 254 254 254 254 254 254 254 254 254 254 252 252 249 245 245 254 254 254 254 252 249 248 249 248 252 252 254 249 248 249 249 249 250 248 250 248 252 250 252 254 254 254 
218 224 224 224 224 224 224 224 224 224 224 227 227 227 224 227 227 224 232 237 254 254 254 254 254 254 254 254 254 250 250 254 254 254 254 250 252 250 251 252 250 252 254 255 250 254 254 254 242 210 226 244 250 254 254 254 255 232 227 232 237 241 248 250 252 254 254 254 254 254 254 254 254 254 254 254 254 254 254 254 254 254 254 254 254 254 254 254 254 254 254 254 254 254 254 254 252 252 252 249 245 250 254 254 254 252 252 248 248 248 252 250 254 249 249 248 249 249 249 249 250 248 249 250 250 252 254 254 
218 224 224 224 224 224 224 224 224 224 224 224 224 224 227 227 224 224 231 252 254 254 254 254 254 254 254 254 252 250 254 254 254 254 252 252 250 249 247 254 252 254 255 249 254 254 254 251 219 226 250 252 254 254 254 255 243 231 227 232 238 245 249 250 252 254 254 254 254 254 254 254 254 254 254 254 254 254 254 254 254 254 254 254 254 254 254 254 254 254 254 254 254 254 254 254 254 252 252 249 248 248 254 254 254 252 252 249 249 250 249 253 254 250 249 245 249 248 250 249 249 250 248 250 250 250 254 252 
218 224 224 224 224 224 227 224 224 224 224 227 224 227 227 227 224 227 244 254 254 254 254 254 254 254 254 254 252 252 254 252 252 250 249 249 249 237 247 254 254 254 253 254 254 255 251 224 227 244 254 254 254 254 254 249 231 227 227 237 245 248 249 250 252 254 254 254 254 254 254 254 254 254 254 254 254 254 254 254 254 254 254 254 254 254 254 254 254 254 254 254 254 254 254 254 254 252 250 250 248 245 252 254 254 254 254 250 249 250 249 254 252 252 249 245 247 249 249 250 250 252 249 249 252 250 252 252 
218 224 224 224 224 224 224 224 224 224 224 227 227 227 232 227 224 237 247 254 254 254 254 254 254 254 254 254 252 254 254 252 250 250 248 248 235 237 247 254 254 254 254 254 254 255 236 232 244 254 252 254 254 254 255 231 235 227 236 237 245 249 250 252 252 254 254 254 254 254 254 254 254 254 254 254 254 254 254 254 254 254 254 254 254 254 254 254 254 254 254 254 254 254 254 254 254 252 250 250 248 248 249 254 254 254 252 252 249 250 249 252 252 254 248 248 245 249 249 250 250 250 250 249 252 250 250 254 
218 224 224 224 224 224 224 224 224 224 224 224 224 224 231 224 227 237 254 254 254 254 254 254 254 254 254 252 254 254 252 249 249 249 248 242 236 235 252 254 254 254 254 254 254 248 243 253 254 252 254 254 254 252 242 231 227 227 236 237 248 249 250 252 254 254 254 254 254 254 254 254 254 254 254 254 254 254 254 254 254 254 254 254 254 254 254 254 254 254 254 254 254 254 254 254 254 254 252 250 249 248 249 254 254 254 252 252 249 250 250 247 252 254 249 249 238 249 250 249 250 250 252 249 250 254 250 252 
218 224 224 224 224 224 224 224 224 224 224 227 224 227 231 227 237 247 254 254 254 254 254 254 254 254 252 254 254 254 250 248 249 248 245 235 241 232 252 252 252 254 254 254 250 243 244 254 254 254 254 254 254 249 235 232 227 232 232 241 248 249 249 252 254 254 254 254 254 254 254 254 254 254 254 254 254 254 254 254 254 254 254 254 254 254 254 254 254 254 254 254 254 254 254 254 254 254 252 250 249 248 248 252 254 254 254 252 250 250 249 250 253 254 254 249 243 245 250 249 250 252 250 250 249 252 250 252 
218 219 224 224 219 224 224 224 224 224 224 224 227 232 227 227 238 254 254 254 254 254 254 254 254 254 254 254 254 252 249 248 248 243 242 232 236 237 249 249 254 254 255 252 243 253 254 254 254 254 254 254 250 235 231 231 227 232 238 243 249 249 250 254 254 254 254 254 254 254 254 254 254 254 254 254 254 254 254 254 254 254 254 254 254 254 254 254 254 254 254 254 254 254 254 254 254 254 252 250 249 248 248 252 254 254 254 252 252 249 250 250 254 254 253 247 243 241 248 249 249 250 252 252 250 252 252 252 
217 224 224 224 219 224 224 224 224 224 224 224 224 232 227 232 237 254 254 254 254 254 254 254 254 254 254 254 252 250 248 248 245 241 235 231 232 236 238 249 254 254 250 248 252 254 254 254 254 254 254 254 235 224 231 232 231 236 241 245 249 250 252 254 254 254 254 254 254 254 254 254 254 254 254 254 254 254 254 254 254 254 254 254 254 254 254 254 254 254 254 254 254 254 254 254 254 254 252 250 249 248 248 250 254 254 254 252 252 249 250 249 254 254 254 249 242 241 248 249 249 252 252 252 252 252 254 252 
218 224 224 219 224 224 224 224 224 224 224 224 224 228 224 231 247 254 254 254 254 254 254 254 254 254 254 254 252 250 248 245 245 238 227 227 231 227 241 250 252 250 249 247 254 254 254 254 254 254 254 235 212 227 224 232 232 237 245 248 249 250 250 252 254 254 254 254 254 254 254 254 254 254 254 254 254 254 254 254 254 254 254 254 254 254 254 254 254 254 254 254 254 254 254 254 254 251 250 250 249 248 248 249 254 254 254 252 254 249 250 249 254 252 254 249 242 237 241 249 250 250 250 252 252 250 252 252 
182 224 224 224 224 224 224 224 224 224 224 224 224 227 227 227 250 254 254 254 254 254 254 254 254 254 254 254 252 249 245 245 241 236 231 224 224 232 248 249 243 249 252 254 254 254 254 254 254 255 246 227 219 224 227 232 236 241 245 248 249 249 249 250 249 251 251 252 254 254 254 254 254 254 254 254 254 254 254 254 254 254 254 254 254 254 254 254 254 254 254 254 254 251 246 245 241 241 235 225 237 245 241 245 254 254 254 252 252 249 249 250 254 254 254 250 249 237 243 249 250 252 252 252 254 250 252 252 
182 224 224 224 224 224 224 224 224 224 224 224 224 227 232 237 249 254 254 254 254 254 254 254 254 254 254 254 250 249 241 245 238 231 231 224 226 237 243 241 241 253 254 254 254 254 254 254 254 254 235 219 212 221 227 232 238 243 248 245 245 246 246 246 227 227 225 237 246 246 248 252 254 254 254 254 254 254 254 254 254 254 254 254 254 254 254 254 254 254 254 246 241 243 248 249 240 240 240 226 213 225 225 237 254 254 254 252 254 250 250 250 254 254 254 253 250 231 243 248 250 250 252 252 254 253 252 254 
218 224 224 224 224 224 224 224 224 224 224 224 224 231 240 238 249 254 254 254 254 254 254 254 254 254 254 254 249 248 243 245 236 227 227 224 232 238 232 237 247 254 254 254 254 254 254 254 254 252 231 212 199 221 224 232 237 241 235 227 225 225 226 233 233 240 240 232 238 241 245 248 252 254 254 254 254 254 254 254 254 254 254 254 254 254 254 254 254 253 250 245 250 253 254 254 254 254 254 253 248 226 216 199 252 254 254 254 254 250 249 250 254 254 254 254 250 235 237 243 250 250 252 254 252 254 252 254 
218 224 224 224 224 224 224 224 224 224 224 224 224 244 235 237 250 254 254 254 254 254 254 254 254 254 254 254 249 248 245 245 236 227 224 232 238 227 227 240 254 254 250 254 254 254 254 254 252 252 235 209 195 221 224 227 237 235 212 221 233 244 254 254 254 254 254 253 253 249 248 249 252 254 254 254 254 254 254 254 254 254 254 254 254 254 254 254 254 254 250 254 254 254 254 254 254 254 254 254 254 250 243 239 247 254 254 254 254 254 250 252 254 254 254 253 250 243 236 243 249 250 252 254 254 254 254 254 
218 224 224 224 224 224 224 224 224 226 226 232 246 237 224 237 252 254 254 254 254 254 254 254 254 254 254 254 249 245 248 243 236 227 227 236 227 227 233 254 254 252 254 254 254 254 254 254 250 254 242 209 212 219 224 232 225 203 233 250 254 254 254 254 254 254 254 254 254 254 254 253 254 254 254 254 254 254 254 254 254 254 254 254 254 254 254 254 254 254 254 254 254 254 254 254 254 254 254 254 254 252 249 249 252 254 254 254 254 253 250 252 254 254 254 254 250 243 236 243 248 250 252 254 254 254 254 254 
218 224 224 224 224 224 224 224 224 224 227 227 227 237 224 247 254 254 254 254 254 254 254 254 254 254 254 250 249 248 245 238 236 227 231 227 227 232 254 254 250 252 254 254 254 254 254 254 248 254 248 224 205 219 224 231 221 244 252 254 254 254 254 254 254 254 254 254 254 254 254 254 254 254 254 254 254 254 254 254 254 254 254 254 254 254 254 254 254 254 254 254 254 254 254 254 254 254 254 254 254 254 250 252 254 254 254 254 254 254 252 252 254 254 254 254 250 242 236 237 248 250 252 252 254 254 254 254 
218 224 224 224 224 224 224 224 224 224 224 224 224 232 224 247 253 254 254 254 254 254 254 254 254 254 254 250 248 248 248 238 231 232 224 227 232 254 254 249 252 254 252 254 254 254 250 252 238 254 253 227 203 212 224 219 244 250 254 254 254 254 254 254 254 254 254 254 254 254 252 254 254 254 254 254 254 254 254 254 254 254 254 254 254 254 254 254 254 254 254 254 254 254 254 254 254 254 254 254 250 249 248 249 254 254 254 254 254 254 252 252 254 254 254 254 250 242 238 237 245 249 252 254 254 254 254 254 
218 224 224 224 224 224 224 224 224 224 224 224 224 227 227 237 254 254 254 254 254 254 254 254 254 254 254 252 248 249 248 238 227 231 219 232 254 254 249 252 254 254 254 254 248 250 249 248 235 254 253 223 205 219 224 237 249 250 252 254 254 254 252 254 252 252 252 250 250 250 250 252 252 254 254 254 254 254 254 254 254 254 254 254 254 254 254 254 254 254 254 254 254 252 252 252 252 250 250 248 243 241 238 241 254 254 254 254 254 254 254 254 254 254 254 254 249 248 236 238 248 249 252 254 254 254 254 254 
218 224 224 224 224 224 224 224 224 224 224 224 224 227 227 232 252 254 254 254 254 254 254 254 254 254 254 250 249 249 249 236 227 231 233 254 254 250 254 254 254 254 254 246 235 247 248 241 235 254 254 235 215 224 232 248 250 252 252 252 252 250 250 250 250 252 252 252 250 250 250 250 252 252 252 254 254 254 254 254 254 254 254 254 254 254 254 254 254 254 254 252 250 252 252 250 249 245 241 241 236 236 231 237 253 254 254 254 254 254 254 252 254 254 254 254 252 248 232 238 245 249 252 254 254 254 254 254 
218 224 224 224 224 224 224 224 224 224 224 224 224 227 227 232 254 254 254 254 254 254 254 254 254 254 252 253 249 249 248 236 227 237 252 254 248 254 254 254 254 255 235 235 238 237 241 238 235 252 254 229 212 224 237 248 249 250 249 248 248 248 249 250 249 252 252 252 252 252 250 252 252 250 250 252 252 254 254 254 254 254 254 254 254 254 254 254 254 254 254 254 252 252 250 252 250 250 249 243 236 227 231 231 252 254 254 254 254 254 254 254 254 254 254 254 252 249 236 237 248 249 252 254 254 254 254 254 
218 224 224 224 224 224 224 224 224 227 224 224 224 224 224 237 254 254 254 254 254 254 254 250 254 254 254 250 250 250 248 238 240 250 252 249 250 254 254 254 255 241 225 221 231 224 237 236 235 249 250 235 215 221 238 245 248 245 241 245 245 245 249 249 251 251 251 254 252 252 254 254 252 249 249 249 250 252 252 254 254 254 254 254 254 254 254 254 254 254 254 252 252 250 246 248 248 243 238 238 223 227 232 227 249 254 254 254 254 254 254 254 254 254 254 254 254 245 238 237 248 249 252 254 254 254 254 254 
218 224 224 224 224 224 224 227 227 224 224 224 224 224 224 245 252 254 254 254 254 254 254 250 254 254 254 250 252 249 248 245 249 250 250 250 254 254 254 254 242 227 209 221 227 209 221 231 231 245 249 235 219 237 243 241 241 238 238 243 245 241 240 241 248 249 248 240 245 246 250 254 252 250 249 248 249 250 252 254 254 254 254 254 254 254 254 254 254 254 252 250 246 243 243 250 249 225 238 238 214 231 224 224 250 254 254 254 254 254 254 254 254 254 254 254 254 248 241 237 248 249 252 254 254 254 254 254 
218 224 224 224 224 224 224 224 227 224 227 224 224 224 232 241 250 254 254 254 254 254 250 247 254 254 254 250 246 241 248 249 249 250 252 254 254 254 255 248 227 214 215 221 227 201 201 227 232 237 248 235 219 237 243 236 238 236 237 238 231 237 245 235 237 245 235 249 248 248 241 245 249 249 248 245 249 249 250 254 254 254 254 254 254 254 254 254 254 252 249 243 245 237 245 247 246 213 225 223 221 227 200 221 250 254 254 254 254 254 254 254 254 254 254 254 254 249 245 243 248 250 254 254 254 254 254 254 
218 224 224 219 224 224 224 224 224 224 224 224 224 224 224 236 254 254 254 254 254 254 248 247 254 254 254 248 243 248 249 249 250 250 252 252 254 251 245 238 227 224 224 228 227 209 195 219 227 236 243 231 221 237 238 236 236 236 236 237 242 236 225 223 172 202 178 234 237 242 235 241 245 248 248 248 249 249 250 252 254 254 254 254 254 254 254 254 254 253 248 243 238 239 210 116 116 112 175 93 105 155 129 224 245 254 254 254 254 254 254 254 254 254 254 254 254 250 245 248 248 249 254 254 254 254 254 254 
218 224 224 224 224 224 224 224 224 224 224 224 224 224 224 237 247 254 254 254 252 254 248 248 254 254 254 248 249 249 248 249 250 250 252 254 252 248 248 245 236 232 224 232 219 205 203 203 227 227 237 227 221 238 236 236 236 227 236 223 202 147 88 129 175 164 210 174 216 201 230 241 245 243 245 249 249 249 249 250 252 254 254 254 254 254 254 254 254 254 250 238 226 233 233 233 233 120 208 183 103 150 74 178 237 254 254 254 254 254 254 254 254 254 254 254 254 253 248 248 247 247 254 254 254 254 254 254 
218 224 224 224 224 224 224 224 224 224 224 224 224 224 224 237 237 254 254 254 252 253 248 241 254 254 250 248 248 249 248 249 250 250 250 252 253 254 250 250 238 228 221 228 219 212 219 219 224 228 236 227 232 238 238 238 231 225 200 116 86 208 156 221 240 92 244 239 247 253 239 224 224 237 249 249 249 249 249 250 254 252 254 254 252 254 254 254 254 250 236 240 254 254 254 238 251 89 252 242 165 249 220 126 230 254 254 254 254 254 254 254 254 254 254 254 254 253 248 249 249 249 254 254 254 254 254 254 
182 219 219 224 219 224 224 224 224 224 224 224 224 224 224 238 249 254 254 254 254 253 245 243 252 250 248 248 248 248 249 249 250 250 248 245 249 252 254 254 238 235 227 214 224 212 219 219 209 227 237 227 237 243 243 245 231 184 105 135 221 254 220 230 242 123 246 235 247 255 251 246 224 240 250 249 249 249 249 252 254 252 254 252 252 252 254 254 254 254 240 248 248 254 254 235 236 209 228 225 178 251 235 206 217 254 254 254 254 254 254 254 254 254 254 254 254 254 245 250 249 248 252 254 254 254 254 254 
218 219 219 219 224 224 224 224 224 224 224 224 224 224 224 238 244 252 254 254 254 249 248 241 247 245 248 248 249 249 249 249 248 242 237 237 248 245 250 252 242 227 232 219 226 203 219 219 219 227 237 232 237 248 249 243 226 208 175 188 225 246 239 226 226 216 221 226 245 245 248 240 248 250 250 250 249 249 249 252 252 252 254 252 252 252 252 254 254 254 254 254 252 250 248 243 231 215 227 226 181 210 189 221 230 254 254 254 254 254 254 254 254 254 254 254 254 254 248 249 250 249 250 254 254 254 254 254 
218 224 224 224 224 224 224 224 224 224 224 224 224 224 226 250 255 247 254 252 254 250 245 238 241 243 245 248 249 250 250 249 248 235 232 236 241 238 241 249 242 224 227 209 228 224 219 219 219 224 230 237 241 249 249 250 249 240 226 226 226 216 226 221 240 240 240 249 249 249 248 248 249 249 249 249 249 249 249 250 250 252 252 252 252 252 252 254 254 254 254 254 252 252 252 250 249 239 244 239 226 216 221 244 247 254 254 254 254 253 254 254 254 254 254 254 254 254 249 252 253 249 249 254 254 254 254 254 
182 219 224 224 224 224 227 224 224 224 224 224 224 224 230 247 235 247 250 249 254 252 243 238 243 243 243 248 250 252 249 249 248 223 231 236 232 236 236 241 242 209 224 205 231 227 224 209 215 219 228 238 245 249 250 250 250 249 248 240 240 240 248 250 250 252 253 252 250 249 249 249 248 249 249 249 249 249 249 249 250 252 252 252 252 252 252 252 254 254 254 254 254 254 254 252 254 253 252 248 245 238 238 247 254 254 254 254 254 254 254 254 254 254 254 254 254 254 250 254 254 252 249 254 254 254 254 254 
218 219 224 224 224 224 224 227 224 224 224 224 224 226 242 242 227 248 248 242 252 248 243 243 242 238 245 249 250 249 249 249 245 215 227 231 232 231 227 236 236 209 200 198 232 227 209 203 209 219 237 237 248 249 250 250 250 250 250 250 250 250 250 254 254 252 252 250 250 250 249 249 249 249 249 248 248 248 248 249 250 252 252 250 250 250 250 252 254 254 254 254 254 254 254 254 254 252 252 249 248 248 243 250 254 254 254 254 254 254 254 254 254 254 254 254 254 254 250 252 254 252 250 252 254 254 254 254 
218 224 224 224 224 224 224 224 227 227 227 227 231 247 237 227 230 236 245 239 247 253 249 249 242 238 245 250 250 250 250 249 242 203 227 224 227 231 224 227 231 201 183 187 231 224 201 193 181 219 237 237 248 249 249 250 252 252 252 252 252 252 252 252 252 254 254 252 250 250 249 249 249 249 249 248 248 245 249 249 250 252 252 252 250 250 252 252 254 254 254 254 254 254 254 254 254 254 254 252 249 249 248 249 254 254 254 254 254 254 254 254 254 254 254 254 254 254 242 250 254 254 252 250 254 254 254 254 
182 219 224 224 224 224 224 224 224 224 224 227 232 242 231 224 237 236 247 238 249 251 248 245 238 245 249 249 252 252 250 249 223 216 227 227 227 236 219 219 224 194 134 198 231 219 167 181 169 212 237 241 248 249 249 250 250 252 252 252 252 252 252 254 254 254 252 250 249 249 249 249 249 249 249 248 248 248 249 250 250 252 252 252 252 250 252 252 252 254 254 254 254 254 254 254 254 254 252 252 250 249 249 250 254 254 254 254 254 254 254 254 254 254 254 254 254 254 242 249 254 254 252 250 254 254 254 254 
182 219 224 224 224 224 224 224 224 224 224 227 238 227 224 224 228 237 245 238 249 240 248 249 243 248 248 250 254 252 250 248 174 221 232 236 226 236 224 204 219 209 146 182 231 171 146 103 177 198 232 245 249 250 250 250 252 252 252 254 254 254 252 252 252 250 250 249 249 249 249 249 248 248 249 248 245 248 250 252 252 254 254 252 252 250 252 252 254 254 254 254 254 254 254 254 254 254 254 252 250 249 249 249 254 254 254 254 254 254 254 252 254 254 254 254 254 254 253 245 252 254 254 250 252 254 254 254 
218 219 224 224 224 224 219 224 227 227 232 235 224 224 227 227 224 232 248 242 247 238 245 241 241 245 250 254 254 254 250 242 169 227 231 238 236 238 224 195 215 212 165 196 216 189 165 96 169 198 227 245 249 249 250 250 252 254 254 254 252 254 252 254 252 250 250 249 249 249 249 248 248 248 248 245 245 249 250 254 254 254 254 254 252 252 252 252 254 254 254 254 254 254 254 254 254 254 252 252 250 250 249 249 254 254 254 254 254 254 254 253 254 254 254 254 254 254 253 242 249 254 254 252 252 254 254 254 
182 224 224 219 219 219 224 224 224 224 224 224 224 224 224 224 224 237 237 237 247 231 242 236 241 250 254 254 254 252 250 229 182 232 236 237 238 236 224 203 226 240 240 248 243 243 243 240 232 227 219 241 249 249 249 250 252 254 252 252 252 252 254 252 252 250 249 250 250 250 249 249 248 248 248 245 245 250 254 254 254 254 254 254 254 252 252 252 254 254 254 254 254 254 254 254 254 254 252 252 250 249 249 248 254 254 254 254 254 254 254 253 254 254 254 254 254 254 254 243 237 252 254 252 250 254 254 254 
218 219 219 219 219 219 224 224 224 224 224 224 224 224 224 224 224 224 232 237 249 237 242 237 248 252 254 254 254 252 249 191 218 236 245 241 238 232 240 240 248 249 249 250 250 249 249 248 248 243 235 247 248 249 249 250 250 252 254 252 252 254 254 250 250 250 250 250 250 250 249 248 248 248 245 245 245 250 254 254 254 254 254 254 254 254 252 250 254 254 254 254 254 254 254 254 254 254 254 252 252 250 249 248 254 254 254 254 254 254 254 252 254 254 254 254 254 254 254 243 238 247 254 252 252 252 254 254 
182 219 224 219 219 224 224 224 224 224 224 224 227 227 227 227 227 224 231 232 249 247 238 243 249 252 254 254 254 250 243 194 212 227 237 236 236 245 248 249 250 252 252 252 250 250 250 249 248 248 235 247 248 249 249 250 250 252 254 254 252 252 252 250 250 250 250 250 250 250 249 248 248 243 243 248 245 250 254 254 254 254 254 254 254 254 254 252 252 254 254 254 254 254 254 254 254 254 254 254 252 250 249 249 252 254 254 254 254 254 254 250 254 254 254 254 252 253 254 245 237 247 252 253 254 250 254 254 
182 224 224 219 219 224 219 224 224 224 224 224 224 227 227 227 227 227 236 236 247 253 246 243 249 250 254 254 252 249 242 103 187 224 232 238 243 249 250 250 252 252 254 250 249 250 250 248 245 241 223 237 245 249 249 250 250 252 254 252 252 250 250 250 250 250 250 250 250 250 249 248 245 243 248 249 248 249 252 254 254 254 254 254 254 254 254 254 252 254 254 254 254 254 254 254 254 254 254 254 252 252 249 249 254 254 254 254 254 254 254 250 252 254 254 254 254 254 252 242 236 237 250 254 252 253 252 254 
218 224 224 219 224 224 224 224 224 224 224 224 224 227 227 227 227 227 235 232 247 246 236 241 249 252 254 252 250 243 223 158 233 248 248 248 249 252 252 252 252 254 252 250 249 248 248 245 243 236 194 237 243 249 249 249 249 250 252 252 250 250 250 250 250 250 252 252 250 250 249 248 243 248 250 249 245 248 250 252 254 254 254 254 255 246 252 254 254 254 254 254 254 254 254 254 254 254 254 254 254 252 250 250 252 254 252 254 254 254 254 249 252 254 254 252 254 250 254 239 231 227 247 254 254 254 252 254 
218 219 224 224 224 219 219 224 224 224 224 224 224 227 227 227 227 227 235 232 249 236 237 245 250 254 254 250 245 231 194 244 245 250 250 250 254 254 254 252 254 254 254 250 248 241 241 241 236 223 140 232 245 245 248 249 250 250 250 250 250 250 250 250 250 250 252 252 252 252 249 248 245 249 250 242 147 202 249 252 254 254 254 255 147 105 230 252 254 254 254 254 254 254 254 254 254 254 254 254 254 254 250 252 254 252 254 254 254 254 254 249 252 253 253 250 254 253 250 254 227 224 237 252 254 254 254 254 
218 219 224 219 219 224 219 224 224 224 224 224 224 224 227 227 227 227 242 247 249 238 241 249 250 254 254 250 238 209 221 243 248 252 254 254 254 254 254 254 254 254 254 252 242 234 234 231 184 119 158 232 241 245 245 249 250 250 252 252 250 250 250 252 250 252 252 254 254 252 250 248 248 250 250 236 120 72 230 250 254 254 254 239 123 129 232 249 254 254 254 254 254 254 254 254 254 254 254 254 254 254 252 252 254 252 253 252 254 254 254 249 249 254 254 249 250 254 250 254 239 210 227 247 254 254 254 254 
218 224 224 224 219 224 224 224 224 224 224 224 224 224 224 227 227 227 236 247 248 238 241 249 252 254 254 249 231 194 241 245 248 252 254 254 254 254 254 254 254 254 252 246 224 197 123 90 112 82 168 227 236 241 245 248 249 249 250 250 250 250 250 252 252 252 254 254 254 254 252 249 248 249 250 243 156 151 236 249 252 254 254 250 239 196 248 252 254 254 254 254 254 254 254 254 254 254 254 254 254 254 252 252 254 250 254 252 254 254 254 250 245 254 252 246 248 252 253 252 249 183 218 221 254 253 254 254 
218 224 224 224 224 224 224 224 224 224 224 224 224 224 224 227 227 227 237 243 245 236 243 252 254 254 254 249 231 203 243 245 249 252 254 254 254 254 252 254 252 249 246 227 221 200 203 183 161 165 168 204 232 238 243 248 249 249 250 250 250 250 250 250 252 252 254 254 254 254 254 252 248 248 252 253 239 221 248 249 249 250 252 254 253 244 254 254 254 252 254 254 254 254 254 254 254 254 254 254 254 254 254 252 254 253 252 252 254 254 254 253 241 254 250 242 237 250 250 254 254 214 218 219 247 254 254 254 
218 224 224 224 224 224 224 224 224 224 224 224 224 224 224 227 224 227 238 242 238 236 245 252 254 254 252 248 227 221 243 248 252 254 254 254 254 254 254 250 245 223 219 224 228 209 187 172 199 173 181 187 227 237 241 248 249 249 250 250 249 250 250 252 252 254 254 254 254 254 254 254 249 245 249 250 243 249 254 253 249 250 252 254 254 253 254 254 252 252 254 254 254 254 254 254 254 254 254 254 254 254 254 254 252 254 250 253 254 254 254 253 238 247 253 242 231 247 253 254 254 239 183 209 230 254 254 254 
218 224 224 224 224 224 224 224 224 224 224 224 224 224 224 227 224 227 232 242 238 237 245 250 254 254 253 242 224 221 245 250 254 254 254 254 254 254 254 229 210 203 224 224 227 232 233 208 170 153 153 158 221 236 241 245 249 250 250 250 250 250 250 252 254 254 254 254 254 254 254 254 250 248 243 248 249 250 254 254 252 252 254 254 254 254 254 252 252 254 254 254 254 254 254 254 254 254 254 254 254 254 254 254 252 254 250 252 252 254 254 254 238 237 253 245 224 237 254 252 254 253 214 230 213 247 254 254 
218 224 224 224 224 224 224 224 224 224 224 224 224 224 224 224 224 224 237 242 238 237 248 252 254 254 250 238 219 230 249 252 254 254 254 254 254 254 254 229 205 212 219 232 238 248 249 249 248 197 120 96 198 224 237 243 248 249 250 250 250 252 252 252 254 254 254 254 254 254 254 250 249 249 248 248 249 250 254 254 254 254 252 254 254 254 254 254 254 254 254 254 254 254 254 254 254 254 254 254 254 254 254 254 252 254 250 250 250 254 254 254 240 240 254 242 214 237 247 253 254 254 240 244 214 230 254 254 
218 224 224 224 224 224 224 224 224 224 224 224 224 224 224 224 224 224 247 235 235 237 248 254 254 254 249 236 209 244 250 254 254 254 254 254 254 254 254 235 186 205 215 241 245 249 250 250 252 250 239 208 176 198 227 241 245 249 249 250 250 250 252 252 254 254 254 254 254 252 252 249 249 248 248 249 249 249 252 252 252 252 250 252 254 254 254 254 254 254 254 254 254 254 254 254 254 254 254 254 254 254 254 254 254 254 252 248 252 254 253 247 253 245 252 254 240 224 248 254 250 254 253 249 253 213 252 254 
218 224 224 224 224 224 224 224 224 224 227 224 224 224 224 224 224 224 242 224 231 237 249 254 254 254 249 231 219 245 250 254 254 254 254 254 254 254 254 194 177 187 221 243 245 248 250 250 252 252 250 249 248 226 221 237 245 249 249 249 250 250 250 252 252 254 254 254 254 250 250 250 249 248 248 245 248 250 252 250 249 248 249 250 252 252 252 254 254 254 254 254 254 254 254 254 254 254 254 254 254 254 254 254 254 254 254 249 247 254 254 249 254 249 245 254 253 235 230 247 254 252 254 253 254 239 247 254 
218 224 224 224 224 224 224 224 224 224 224 224 224 224 224 224 226 232 235 232 236 245 250 254 254 254 248 231 221 245 250 254 254 254 254 254 254 254 242 159 157 185 237 245 248 249 250 252 250 250 252 250 250 249 214 230 243 245 249 250 250 252 254 254 254 254 254 252 250 250 249 249 248 245 243 248 252 250 250 249 249 249 249 252 253 254 254 252 252 254 254 254 254 254 254 254 254 254 254 254 254 254 254 254 254 254 254 250 241 252 254 254 254 253 250 252 254 239 219 237 249 252 254 253 249 252 238 254 
218 224 224 224 224 224 224 224 224 224 224 224 224 224 224 224 224 232 235 241 236 248 252 254 254 254 248 231 221 248 250 254 254 254 254 254 254 254 191 159 146 221 243 248 249 250 252 252 249 249 250 250 252 252 242 221 241 245 249 249 250 252 254 254 254 254 254 250 250 250 249 249 248 243 249 252 252 252 252 253 253 252 254 254 254 254 254 254 254 252 254 254 254 254 254 254 254 254 254 254 254 254 254 254 254 254 254 250 243 247 252 254 254 254 254 253 254 253 231 224 237 250 252 254 253 249 242 247 
218 224 224 224 224 224 224 224 224 224 224 224 224 224 224 224 224 230 237 242 237 248 252 254 254 254 243 224 230 248 252 254 254 254 254 254 254 254 171 139 135 241 248 249 249 252 252 252 250 249 249 249 252 254 250 214 237 245 248 249 250 252 252 252 254 254 252 250 250 250 250 249 245 248 252 249 246 249 246 243 245 245 246 246 249 249 249 254 254 254 254 254 254 254 254 254 254 254 254 254 254 254 254 254 254 254 254 252 248 238 241 254 254 254 254 254 254 254 253 231 227 245 250 254 254 253 249 245 
217 224 224 224 224 224 224 227 224 224 224 224 224 224 224 224 224 230 247 235 237 248 252 254 254 252 243 224 230 248 252 254 254 254 254 254 254 242 109 140 217 248 249 249 250 254 252 252 250 248 249 249 249 252 252 239 230 243 248 249 250 252 252 254 252 252 250 250 250 250 249 248 248 250 248 243 241 238 236 236 238 238 238 238 236 236 237 241 252 254 254 254 254 254 254 254 254 254 254 254 254 254 254 254 254 254 254 254 249 238 213 252 254 254 254 254 254 254 254 249 226 237 248 250 254 254 252 250 
218 224 224 224 224 224 224 224 224 224 227 224 224 224 224 224 224 247 242 227 238 249 252 254 254 250 243 224 230 248 250 254 254 254 254 254 250 229 98 129 245 248 249 249 250 252 250 250 249 245 245 245 245 249 250 242 221 241 248 249 250 252 252 252 254 250 250 250 250 250 248 245 249 241 241 238 236 238 236 232 236 236 238 236 238 243 240 238 237 248 254 254 254 254 254 254 254 254 254 254 254 254 254 254 254 254 254 254 249 238 173 207 254 254 254 254 254 254 254 253 248 231 237 249 252 254 254 253 
218 224 224 224 224 224 224 224 224 224 224 224 224 224 224 224 219 237 235 240 241 248 252 254 254 250 243 224 237 249 252 254 254 254 254 254 248 239 123 233 245 248 249 250 252 250 250 249 248 235 237 243 248 249 249 238 213 237 245 248 249 252 252 252 252 250 250 250 250 250 248 245 241 238 241 241 241 238 244 253 253 253 254 253 240 241 245 245 243 241 245 252 254 254 254 254 254 254 254 254 254 254 254 254 254 254 254 254 250 243 183 88 230 254 254 254 254 254 254 254 252 239 221 245 250 254 254 254 
182 224 224 224 224 224 224 224 224 224 224 224 224 224 224 224 224 237 240 250 238 248 250 254 252 250 243 227 237 249 252 254 254 254 254 250 238 227 226 243 245 249 250 252 254 254 252 249 243 238 231 241 248 248 248 238 188 237 241 248 249 250 250 252 250 250 250 250 250 249 245 241 240 241 243 243 243 253 254 254 254 254 254 254 254 253 238 237 241 243 241 245 250 254 254 254 254 254 254 254 254 254 254 254 254 254 254 254 253 248 183 102 118 247 254 254 254 254 254 254 254 250 224 237 248 252 254 254 
218 224 224 224 224 224 224 224 224 224 224 224 224 224 224 224 224 228 250 248 238 248 249 252 250 249 243 238 245 249 250 252 254 254 252 243 231 226 241 243 248 249 252 252 254 254 254 252 245 243 241 238 245 245 245 238 194 232 243 248 249 250 252 252 252 250 250 250 250 245 241 238 241 241 241 253 253 254 254 254 254 254 254 254 254 254 253 242 237 245 243 243 248 254 254 254 254 254 254 254 254 254 254 254 254 254 254 254 252 242 183 109 175 198 252 254 254 254 254 254 254 254 239 224 237 249 252 254 
218 224 224 224 224 224 224 224 224 224 224 224 224 224 224 224 219 228 254 241 241 249 250 250 250 248 243 238 248 249 250 252 254 254 250 243 241 243 245 248 249 250 254 254 254 254 254 252 249 245 248 243 237 245 248 238 200 218 237 245 249 250 252 252 252 252 250 250 250 243 238 241 241 242 230 234 234 254 254 254 254 254 254 254 254 255 234 234 230 245 245 243 245 252 254 254 254 254 254 254 254 254 254 254 254 254 254 254 252 235 183 187 226 216 213 251 254 254 254 254 254 254 253 239 227 245 249 254 
182 224 224 224 224 224 224 224 224 224 224 224 224 224 219 224 232 237 255 237 241 249 250 250 249 248 241 241 249 249 249 252 252 252 249 245 248 248 249 249 252 254 254 254 254 254 254 254 249 245 248 248 243 241 241 236 153 182 236 241 248 249 250 250 252 252 250 250 253 243 236 241 241 156 90 135 203 237 245 249 251 241 246 246 245 238 226 233 240 245 245 241 245 254 254 254 254 254 254 254 254 254 254 254 254 254 254 254 249 224 226 237 243 236 194 178 252 254 254 254 254 254 254 253 226 237 249 250 
182 219 224 224 224 224 224 224 227 224 224 224 224 219 233 235 219 247 255 237 237 249 250 249 248 243 238 248 249 249 249 250 252 252 250 250 250 252 252 252 254 254 254 254 254 254 254 254 252 248 243 249 248 223 225 200 70 168 232 241 248 249 249 250 252 252 252 250 252 243 232 238 238 236 226 226 236 238 238 238 238 238 238 241 241 241 243 245 249 249 245 241 249 254 254 254 254 254 254 254 254 254 254 254 254 254 254 254 235 232 232 249 250 242 236 216 178 254 254 254 254 254 254 254 239 224 245 250 
182 224 224 224 219 224 224 224 224 224 224 224 226 231 224 219 221 254 249 238 237 249 249 249 248 243 237 248 248 249 249 252 252 252 254 254 254 252 252 252 254 254 254 254 254 254 254 254 254 250 249 248 248 239 92 72 67 111 227 237 245 249 249 250 250 252 252 250 250 248 236 238 241 243 241 243 241 241 241 243 248 241 248 245 245 245 249 252 254 252 248 248 252 254 254 254 254 254 254 254 254 254 254 254 254 254 254 250 221 231 249 254 252 248 248 231 183 247 252 254 254 254 254 254 254 240 245 250 
182 224 224 224 224 224 224 224 224 224 224 232 235 224 219 219 244 255 242 238 245 249 249 248 248 243 237 249 249 249 252 254 254 254 254 254 254 252 250 250 252 254 254 254 254 254 254 254 254 253 248 248 249 248 220 72 67 111 221 237 241 248 249 249 250 252 252 252 250 248 238 236 238 249 249 248 248 243 243 243 249 249 250 249 249 253 254 254 251 248 249 250 254 254 254 254 254 254 254 254 254 254 254 254 254 254 254 229 228 249 254 254 252 253 250 242 214 230 249 254 254 254 254 254 254 254 249 250 
182 224 224 224 224 224 224 224 224 224 236 224 224 219 219 219 247 253 242 238 245 245 248 248 245 238 241 249 254 254 254 254 254 254 254 254 254 252 250 250 252 254 254 254 254 254 254 254 254 253 248 248 248 249 243 183 77 111 203 232 241 245 248 249 249 252 252 252 252 253 243 238 236 236 237 246 250 250 249 253 253 253 250 250 252 254 251 248 245 249 252 252 254 254 254 254 254 254 254 254 254 254 254 254 254 254 252 227 248 250 254 254 254 254 250 249 239 206 248 252 254 254 254 254 254 254 254 253 
182 224 224 224 219 219 219 224 224 236 224 224 224 219 219 226 254 254 238 237 245 245 248 248 248 238 241 249 254 254 254 254 254 254 254 254 254 254 250 250 252 254 254 254 254 254 254 254 254 254 253 248 248 249 249 239 93 96 198 232 237 243 248 249 249 250 252 252 252 254 253 249 240 238 231 232 237 241 241 245 246 246 241 238 241 243 243 248 250 252 254 254 254 254 254 254 254 254 254 254 254 254 254 254 254 254 242 237 249 254 254 254 254 254 252 252 242 183 230 249 254 254 254 254 254 254 254 254 
182 219 224 219 219 219 219 226 235 224 224 224 224 226 231 224 254 238 238 237 241 249 250 249 248 243 241 248 252 254 254 254 254 254 254 254 254 254 254 252 252 254 254 254 254 254 254 254 254 254 254 250 249 248 250 249 220 108 187 227 237 243 248 249 249 250 250 252 252 254 254 252 250 249 248 240 240 238 238 236 238 238 240 240 240 249 250 252 252 254 254 254 254 254 254 254 254 254 254 254 254 254 254 254 254 254 235 245 252 254 254 254 254 254 254 250 242 226 168 248 250 254 254 254 254 254 254 254 
218 224 224 224 224 219 226 235 224 224 227 224 227 227 219 230 255 232 236 237 245 250 254 252 250 248 241 248 250 252 254 254 254 254 254 254 254 254 254 252 254 254 254 254 254 254 254 254 254 254 254 254 250 249 249 248 248 197 177 221 236 241 245 249 249 250 250 252 252 254 254 254 254 252 252 253 253 253 250 250 250 253 253 253 254 254 254 254 254 254 254 254 254 254 254 254 254 254 254 254 254 254 254 254 254 242 230 248 254 254 254 254 254 254 254 252 248 238 149 230 248 254 254 254 254 254 254 252 
182 219 224 219 219 226 235 219 224 224 227 224 224 219 224 255 253 237 238 237 243 250 254 254 253 249 243 245 249 252 252 254 254 254 254 254 254 254 254 252 254 254 254 254 254 254 254 254 254 254 254 254 252 249 249 249 248 239 176 215 232 237 241 248 249 249 250 250 252 254 254 254 254 254 254 254 254 254 254 254 254 254 254 254 254 254 254 254 254 254 254 254 254 254 254 254 254 254 254 254 254 254 254 254 252 235 244 254 254 254 254 254 254 254 254 253 249 243 209 188 237 250 254 254 254 254 254 254 
182 219 219 219 226 235 219 219 224 224 224 224 224 226 235 242 242 241 242 237 243 247 254 254 254 250 248 243 248 250 252 252 254 254 254 254 254 254 254 254 254 254 254 254 254 254 254 254 254 254 254 254 254 253 248 250 249 248 214 198 227 236 241 245 248 249 250 250 250 252 254 254 254 254 254 254 254 254 252 252 252 252 252 252 254 254 254 254 254 254 254 254 254 254 254 254 254 254 254 254 254 254 254 254 249 221 252 254 254 254 254 254 254 254 254 252 249 243 228 209 207 245 252 254 254 254 254 254 
182 219 219 221 235 219 219 219 224 224 224 224 226 235 221 242 242 241 245 232 237 245 250 254 254 252 249 248 248 250 250 252 254 254 254 254 254 254 254 254 254 254 254 254 254 254 254 254 254 254 254 254 254 254 249 249 250 249 248 214 221 232 237 241 248 248 249 250 250 252 254 254 254 254 254 254 250 250 249 250 250 250 252 252 252 252 254 254 254 254 254 254 254 254 254 254 254 254 254 254 254 254 254 252 223 244 254 254 254 254 254 254 254 254 254 254 249 248 238 226 173 237 249 254 254 254 254 254 
182 219 224 235 219 219 219 219 224 224 224 227 235 219 221 249 242 241 245 236 236 243 249 250 252 252 250 249 248 249 250 252 252 254 254 254 254 254 254 254 254 252 254 254 254 254 254 254 254 254 254 254 254 254 253 249 250 250 249 239 203 227 236 241 245 248 249 249 250 252 254 254 254 254 252 250 250 250 250 252 252 254 254 254 254 254 254 254 254 254 254 254 254 254 254 254 254 254 254 254 254 254 252 249 226 254 254 254 254 254 254 254 254 254 254 252 250 250 245 235 194 207 245 252 254 254 254 254 
182 219 228 219 219 219 219 224 224 224 226 235 224 219 230 253 242 241 241 238 236 237 248 249 250 250 250 249 248 248 249 249 250 254 254 254 254 254 254 254 252 252 254 254 254 254 254 254 254 254 254 254 254 254 254 250 249 250 250 248 214 224 232 237 243 245 248 249 250 252 254 254 254 252 252 250 250 252 252 254 254 254 254 254 254 254 254 254 254 254 254 254 254 254 254 254 254 254 254 254 254 254 252 235 244 254 254 254 254 254 254 254 254 254 252 252 252 250 249 238 209 178 237 250 254 254 254 254 
182 232 224 219 219 219 219 224 224 224 242 224 224 219 230 249 253 237 243 243 236 227 237 249 250 249 250 249 248 245 245 248 249 252 254 254 254 254 254 254 252 254 254 254 254 254 254 254 254 254 254 254 254 254 254 253 250 250 250 249 240 219 227 236 241 243 245 249 250 252 254 254 254 254 252 252 252 254 254 254 254 254 254 254 254 254 254 254 254 254 254 254 254 254 254 254 254 254 254 254 254 252 249 237 254 254 254 254 254 254 252 249 252 252 249 246 249 249 248 242 200 107 237 249 254 254 254 254 
182 235 219 219 219 219 219 224 224 237 235 224 224 219 247 230 255 228 237 245 245 236 224 237 249 250 252 250 249 245 243 245 248 250 254 254 254 254 254 254 254 254 254 254 254 254 254 254 254 254 254 254 254 254 254 254 254 250 252 249 249 231 224 232 236 237 245 248 249 252 252 254 254 254 254 254 254 254 254 254 254 254 254 254 254 254 254 254 254 254 254 254 254 254 254 254 254 254 254 254 254 249 235 244 254 251 249 250 249 249 241 238 243 245 245 248 249 249 248 238 194 110 230 248 254 254 254 254 
217 219 219 219 219 219 219 224 224 247 224 224 224 219 242 230 253 244 235 231 241 243 236 227 237 249 252 252 250 249 245 245 248 249 252 254 254 254 254 254 254 254 254 254 254 254 254 254 254 254 254 254 254 254 254 254 254 250 250 250 249 242 224 227 236 238 241 248 249 250 252 254 254 254 254 254 254 254 254 254 254 254 254 254 254 254 254 254 254 254 254 254 254 254 254 254 254 254 254 254 248 238 221 248 250 241 245 248 248 248 248 249 249 250 250 252 254 253 253 243 183 146 218 241 252 254 254 254 
218 219 219 219 219 219 219 224 224 230 227 224 224 221 242 247 253 250 235 240 227 237 241 236 227 237 249 252 250 250 248 245 245 248 250 252 254 254 254 254 254 254 254 254 254 254 254 254 254 254 254 254 254 254 254 254 254 254 250 252 250 248 231 224 232 236 237 243 248 250 250 254 254 254 254 254 254 254 254 254 254 254 254 254 254 254 254 254 254 254 254 254 254 254 254 254 254 254 254 246 235 212 233 245 248 249 250 252 253 254 253 254 254 254 254 254 254 254 254 253 220 171 218 237 252 254 254 254 
218 219 219 219 219 219 224 224 224 237 235 224 224 230 235 255 242 247 237 254 253 232 237 238 236 231 237 245 249 249 249 248 245 248 249 252 254 254 254 254 254 254 254 254 254 254 254 254 254 254 254 254 254 254 254 254 254 254 252 252 254 249 236 227 227 236 236 241 245 249 250 254 254 254 254 254 254 254 254 254 254 254 254 254 254 254 254 254 254 254 254 254 254 254 254 254 254 252 242 210 233 245 249 250 252 254 254 254 254 254 254 254 254 254 254 254 254 254 254 254 253 220 178 237 249 254 254 254 
182 219 219 219 219 219 219 224 224 224 235 224 219 247 235 255 242 247 252 254 253 254 242 237 238 236 232 237 245 249 249 248 243 245 248 250 252 254 254 254 254 254 254 252 254 254 254 254 254 254 254 254 254 254 254 254 254 254 254 252 254 253 248 231 227 227 236 238 245 248 250 252 254 254 254 254 254 254 254 254 254 254 254 254 254 254 254 254 254 254 254 254 254 254 254 254 252 235 189 244 249 250 254 254 254 254 254 254 254 254 254 254 254 254 254 254 254 254 254 254 254 250 239 221 245 254 254 254 
182 219 219 219 224 224 219 219 219 224 231 219 224 247 230 242 242 242 254 254 254 254 254 239 232 236 236 232 241 248 248 249 248 245 245 249 250 252 254 252 252 254 254 252 254 254 254 254 254 254 254 254 254 254 254 254 254 254 254 254 252 252 250 240 227 227 232 236 241 248 250 252 252 254 254 254 254 254 254 254 254 254 254 254 254 254 254 254 254 254 254 254 254 254 254 252 242 189 244 250 252 254 254 254 254 254 254 254 254 254 254 254 254 254 254 254 254 254 254 254 254 254 250 239 237 252 254 254 
182 212 219 219 219 219 219 219 219 224 232 219 228 247 247 242 242 249 255 254 254 254 254 254 239 232 236 236 236 237 245 248 249 248 245 248 249 250 252 254 252 254 254 252 250 254 254 254 254 254 254 254 254 254 254 254 254 254 254 254 254 253 253 243 231 224 227 236 237 245 249 250 252 252 254 252 254 254 254 254 254 254 254 254 254 254 254 252 254 254 254 254 254 252 250 235 189 244 250 254 254 254 252 252 249 249 249 248 245 245 243 245 248 249 249 252 254 254 254 254 254 254 254 253 248 249 254 254 
182 212 219 219 219 219 219 219 219 224 224 240 235 253 254 242 242 254 253 254 254 254 254 254 254 235 231 236 231 236 237 245 248 248 248 248 249 250 252 252 252 252 252 252 252 254 254 254 254 254 254 254 254 254 254 254 254 254 254 254 254 254 252 249 243 227 224 231 238 243 249 250 250 250 252 250 250 250 252 252 252 252 252 252 250 252 252 250 252 252 252 252 252 246 236 244 241 249 254 254 254 250 248 245 235 231 237 241 248 248 249 249 248 243 238 248 250 252 254 254 254 254 254 254 253 249 254 254 
182 219 219 219 219 219 219 219 219 224 224 242 224 255 247 235 228 254 252 254 254 254 254 254 254 253 227 227 236 236 236 241 245 248 249 248 248 249 250 250 250 252 252 252 252 254 254 254 254 254 254 254 254 254 254 254 254 254 254 254 254 254 252 253 249 236 226 219 231 238 241 248 248 248 249 249 249 249 249 249 249 249 249 248 248 249 248 249 249 249 249 234 225 233 249 245 250 254 254 252 249 245 238 225 226 244 248 248 250 253 252 254 253 249 245 241 248 250 252 254 254 254 254 254 254 253 249 252 
182 219 219 219 219 219 219 219 219 224 232 235 233 242 247 224 230 253 254 254 254 254 254 254 254 254 239 224 231 236 236 236 237 245 248 248 248 248 249 250 252 249 250 252 252 254 254 254 254 254 254 254 254 254 254 254 254 254 254 254 254 254 250 254 252 249 231 227 224 224 225 237 241 241 241 243 245 245 245 245 245 245 245 245 245 245 245 246 235 225 163 233 244 250 248 250 254 252 250 248 238 231 226 244 249 250 250 252 254 254 254 254 254 254 253 249 248 248 249 252 254 254 254 254 254 254 253 249 
218 219 219 219 219 219 219 219 224 224 247 235 249 235 253 224 237 255 247 254 254 254 254 254 254 254 248 231 224 232 236 236 236 241 245 248 248 248 249 250 250 250 250 250 250 254 254 254 254 254 254 254 254 254 254 254 254 254 254 254 254 254 250 252 254 253 243 231 227 224 224 227 227 227 231 236 238 238 238 241 241 241 238 238 238 236 231 227 212 195 244 254 255 249 254 254 252 249 241 231 232 244 249 252 254 252 254 254 254 254 254 254 254 254 254 254 253 250 248 248 252 254 254 254 254 254 254 250 
217 224 219 219 212 219 219 219 219 219 247 230 247 249 255 227 247 253 242 254 254 254 254 254 254 252 248 241 231 227 232 238 236 237 241 245 245 248 248 249 249 249 250 252 252 252 254 254 254 254 254 254 254 254 254 254 254 254 254 254 254 254 252 250 254 254 249 236 236 227 227 227 232 232 236 236 238 238 243 243 243 243 243 243 243 243 238 231 224 205 174 164 230 249 250 250 248 238 227 233 249 250 254 254 254 254 254 254 254 254 254 254 254 254 254 254 254 254 253 253 248 249 254 254 254 254 254 254 
182 236 219 219 212 219 219 219 219 219 247 219 230 253 255 224 247 254 250 254 254 254 254 254 254 250 248 243 238 227 227 236 237 236 237 243 245 245 245 248 249 250 250 250 252 252 254 254 254 254 254 254 254 254 254 254 254 254 254 254 254 254 252 252 254 254 254 243 236 231 232 232 236 236 238 238 241 243 245 248 248 248 245 245 248 245 238 236 227 209 174 112 114 237 248 245 236 224 232 249 254 254 254 254 254 254 254 254 254 252 249 252 254 254 254 254 254 254 254 254 253 249 248 249 254 254 254 254 
182 219 232 219 219 219 212 219 219 219 228 219 247 242 242 226 249 254 245 254 254 254 254 254 254 249 248 241 238 236 227 227 236 238 238 241 245 248 245 248 248 249 249 250 250 252 252 254 254 254 254 254 254 254 254 254 254 254 254 254 254 254 254 254 252 254 254 249 241 236 232 232 238 238 241 243 243 245 248 249 249 249 249 249 248 245 238 236 227 209 174 127 88 114 225 231 227 226 244 254 254 254 254 254 254 254 254 252 250 248 248 250 254 254 254 254 254 254 254 254 254 254 250 249 248 252 254 251 
182 219 219 231 226 219 212 219 219 219 230 219 252 242 249 244 235 254 250 254 254 254 254 254 254 249 249 241 237 236 237 227 232 237 238 238 245 248 245 248 248 249 249 249 250 252 252 252 254 254 254 254 254 254 254 254 254 254 254 254 254 254 254 254 250 254 254 253 243 238 236 236 238 238 241 245 248 248 248 249 249 250 249 249 249 248 241 236 227 219 183 134 98 96 182 232 248 243 252 254 254 254 254 254 254 252 250 249 242 225 237 248 249 254 254 254 254 254 254 254 254 254 254 252 250 250 249 250 
182 219 219 219 224 224 224 226 226 226 232 240 255 247 247 242 221 242 254 254 254 254 254 254 254 249 248 241 241 236 237 238 231 232 237 238 241 243 245 248 248 248 249 249 250 250 250 252 254 254 254 254 254 254 254 254 254 254 254 254 254 254 254 254 250 252 254 250 249 238 236 238 238 241 243 248 248 249 249 249 249 249 249 249 249 248 243 238 231 209 174 112 98 135 226 245 248 249 254 254 254 254 254 249 249 248 246 225 184 149 178 237 245 249 250 252 252 251 251 254 254 254 254 254 254 253 253 250 
182 219 219 219 219 219 212 219 219 224 219 247 242 228 247 235 230 235 254 247 254 254 254 254 254 250 249 241 241 238 237 238 238 232 236 241 241 241 245 248 248 248 249 249 250 250 250 252 254 254 254 254 254 254 254 254 254 254 254 254 254 254 254 254 252 252 254 254 252 248 232 241 237 241 243 248 249 250 250 250 250 250 250 249 249 248 241 236 224 209 159 108 135 221 236 241 248 252 254 254 252 250 250 242 240 235 226 216 189 183 112 178 225 246 237 241 245 249 253 254 254 254 254 254 254 254 254 254 
182 219 224 219 219 219 219 219 224 219 224 235 242 228 247 235 247 248 254 247 254 254 254 254 252 253 248 243 241 238 237 241 243 236 231 237 241 243 243 245 245 248 249 249 249 249 250 250 252 254 254 254 254 254 254 254 254 254 254 254 254 254 254 254 252 252 254 254 254 250 243 237 236 237 245 248 249 250 250 250 250 250 250 249 249 248 243 236 224 194 159 161 177 224 237 253 249 254 254 254 250 249 248 250 254 240 241 240 227 183 149 145 98 182 243 249 252 254 254 254 254 254 254 254 254 254 254 254 
182 219 224 219 219 219 219 231 219 219 230 232 242 242 247 239 247 254 255 254 254 254 254 254 252 250 248 243 241 241 237 243 243 238 243 231 237 243 241 243 245 248 248 249 249 249 249 250 250 252 254 254 254 254 254 254 254 254 254 254 254 254 254 254 252 252 254 254 254 252 238 237 236 237 245 248 249 250 250 250 252 250 250 250 249 248 241 231 219 194 185 174 203 244 253 249 252 254 254 252 249 245 253 254 250 249 249 242 214 189 174 173 112 217 245 249 252 254 254 254 254 254 254 254 254 254 254 254 
182 212 219 219 219 219 221 235 219 219 228 230 235 247 247 242 247 255 254 254 254 254 254 254 254 249 249 243 243 241 237 243 243 236 243 236 231 237 241 241 243 245 248 249 248 249 249 250 249 250 252 254 254 254 254 254 254 254 254 254 254 254 254 254 250 252 252 254 254 252 242 245 236 236 241 245 248 249 250 250 252 250 250 250 249 248 238 231 224 195 186 187 227 247 251 248 252 252 252 249 248 254 254 254 254 252 249 236 216 219 200 103 98 168 245 248 252 254 254 254 254 254 254 254 254 254 254 254 
182 219 219 219 219 219 219 227 219 224 235 230 235 230 252 235 247 255 254 254 254 254 254 254 254 249 250 248 245 241 238 243 245 231 241 247 231 231 241 241 241 245 248 248 248 249 249 249 249 250 252 254 254 254 254 254 254 254 254 254 254 254 254 254 249 250 252 254 254 254 250 237 236 236 241 245 248 249 249 250 252 250 250 250 249 245 238 231 219 212 185 226 227 248 248 245 249 250 248 249 254 254 254 254 252 252 241 238 227 200 134 101 129 233 240 248 249 254 254 254 254 254 254 254 254 254 254 254 
182 219 219 219 219 219 219 224 226 232 227 247 235 221 255 239 254 242 254 254 254 254 254 250 252 249 248 245 243 241 238 243 241 236 236 241 243 231 236 241 243 243 245 248 248 248 249 249 249 249 250 252 254 254 254 254 254 254 254 254 254 254 254 254 249 249 252 252 254 254 252 245 236 236 241 245 248 248 249 250 250 250 249 248 245 243 236 227 219 201 226 227 237 248 252 253 243 238 243 254 254 254 254 253 252 248 241 231 223 171 109 208 244 248 250 254 253 253 254 254 254 254 254 254 254 254 254 254 
182 219 219 219 219 219 219 219 219 230 224 247 219 219 242 237 253 253 254 254 254 254 254 250 252 248 249 243 243 238 238 243 241 235 235 248 245 240 231 237 238 241 243 245 245 245 248 249 249 249 250 252 254 254 254 254 254 254 254 254 254 254 254 254 250 248 250 252 254 254 250 249 236 238 238 241 245 245 248 249 249 249 248 245 241 238 231 224 209 203 227 232 245 249 252 252 252 250 254 254 254 254 254 254 249 245 231 223 180 189 233 248 249 253 252 254 254 254 254 254 254 254 254 254 254 254 254 254 
182 212 219 219 219 219 212 219 219 228 219 247 224 224 247 230 254 254 254 254 254 254 254 250 252 248 249 243 243 241 238 241 236 235 236 241 243 249 242 236 237 241 243 243 245 245 248 248 249 249 250 252 254 254 254 254 254 254 254 254 254 254 254 254 250 245 250 252 254 254 252 249 238 241 241 241 241 245 248 248 248 245 243 241 238 231 224 224 203 227 224 238 245 249 252 252 254 254 254 254 254 254 254 249 243 238 225 193 233 245 249 252 253 254 254 254 254 254 254 254 254 254 254 254 254 254 254 252 
182 219 219 219 219 219 219 219 219 228 219 242 219 219 247 253 254 254 254 254 254 254 254 249 249 248 249 245 245 241 238 241 236 236 228 237 238 248 249 231 236 238 238 241 245 245 245 248 249 249 249 250 254 254 254 254 254 254 254 254 254 254 254 254 253 245 250 250 252 254 254 249 241 237 238 238 241 241 245 245 243 238 238 236 231 227 224 219 226 227 237 245 248 252 252 253 254 254 252 254 254 254 250 245 236 225 233 244 245 248 250 254 254 254 254 254 254 254 254 254 254 254 254 254 254 254 252 250 
182 219 219 219 219 219 219 219 219 242 219 242 219 219 247 252 254 254 254 254 254 254 254 249 249 248 248 245 245 241 238 241 236 236 231 237 238 248 249 240 232 236 236 241 243 243 245 248 248 248 249 252 254 254 254 254 254 254 254 254 254 254 254 254 254 245 249 250 252 254 254 252 245 243 241 238 241 238 241 241 238 238 236 231 227 224 209 224 232 236 245 249 250 250 254 254 254 252 254 254 254 250 245 238 219 233 248 249 250 249 252 254 254 254 254 254 254 254 254 254 254 254 254 254 254 254 250 250 
182 219 219 212 219 219 219 219 219 242 219 242 219 219 247 254 254 254 254 254 254 254 254 249 249 249 248 243 245 243 238 241 236 236 232 237 241 245 248 249 240 231 236 238 243 243 245 245 245 248 249 252 254 254 254 254 254 254 254 254 254 254 254 254 254 248 249 250 252 254 254 253 248 241 241 238 238 238 236 236 231 231 231 227 219 219 221 232 232 241 249 250 250 254 254 254 254 254 254 254 252 248 236 219 244 249 249 250 252 254 254 254 254 254 254 254 254 254 254 254 254 254 254 254 254 252 250 252 
155 155 155 155 155 155 155 155 155 222 155 222 155 155 222 222 222 222 222 222 222 222 222 222 222 222 222 222 222 222 222 222 222 222 222 222 222 222 222 222 222 222 222 222 222 222 222 222 222 222 222 222 222 222 222 222 222 222 222 222 222 222 222 222 251 248 248 249 251 251 251 251 245 241 238 238 236 236 236 232 232 232 232 226 216 226 232 236 241 248 249 249 251 251 251 251 251 251 251 251 248 243 227 232 248 249 251 251 251 251 251 251 251 251 251 251 251 251 251 251 251 251 251 251 251 249 249 251 
