23 17 32 22 64 15 160 66 118 71 85 165 71 44 168 164 76 197 75 95 160 71 126 61 86 123 52 160 218 171 168 214 148 89 50 178 134 94 92 84 50 119 47 124 80 172 123 148 200 207 119 72 77 140 75 170 97 39 75 172 70 92 195 76 52 74 94 156 126 156 151 184 119 144 124 85 74 155 105 173 172 184 44 160 150 91 104 74 68 151 40 96 187 174 175 33 217 178 140 185 165 148 119 165 139 97 79 151 223 147 171 230 224 149 228 174 202 233 172 158 173 118 228 119 39 74 65 87 
113 34 48 34 21 12 126 61 114 160 118 202 165 79 166 197 114 52 94 156 160 124 168 197 173 105 200 168 148 119 173 221 165 92 91 54 76 22 164 94 218 78 160 170 75 196 170 170 52 74 83 58 74 33 69 26 27 81 53 50 133 28 38 144 54 52 100 184 116 83 163 195 54 92 116 100 57 150 79 70 59 39 76 59 42 42 103 97 50 119 66 161 166 223 230 142 152 46 50 184 151 100 129 197 226 172 215 191 182 226 176 202 196 163 133 182 166 163 210 155 165 88 150 208 153 69 59 79 
18 54 168 120 65 151 176 113 102 70 153 113 171 204 208 189 95 113 92 198 162 94 104 114 119 126 74 70 210 200 112 166 204 89 151 93 160 75 92 163 133 160 22 54 114 153 99 70 147 30 65 17 44 69 118 97 66 100 89 54 30 39 44 97 59 54 37 30 60 44 65 74 54 84 32 69 59 75 55 43 61 58 74 45 56 124 71 69 151 160 173 99 166 213 164 228 75 197 155 75 147 166 166 147 147 166 153 79 152 213 163 215 207 147 208 209 196 185 192 194 165 166 204 222 94 64 57 42 
63 22 113 44 114 173 176 134 114 176 70 151 215 178 209 93 114 204 184 215 197 55 151 188 141 174 61 71 172 141 154 92 118 95 81 102 187 133 100 44 139 28 53 26 100 74 64 64 26 18 15 84 95 44 59 32 20 30 17 13 37 52 36 15 20 44 50 100 153 52 37 106 196 95 50 175 150 41 79 69 65 95 151 71 113 62 111 118 94 160 216 173 197 184 154 207 164 102 100 161 166 86 119 100 196 221 153 74 189 192 216 71 117 196 224 202 226 189 227 163 153 39 154 208 150 135 139 71 
38 32 27 44 92 84 84 171 160 215 197 111 170 192 166 171 79 182 220 74 114 150 218 200 103 80 160 113 176 76 66 225 209 175 140 99 54 85 55 106 23 50 39 43 39 65 31 36 32 56 113 79 74 31 26 57 18 36 69 23 23 31 39 14 30 23 50 69 95 75 175 188 226 165 175 200 163 106 64 100 70 117 129 197 208 188 198 192 165 197 208 200 114 173 172 202 171 172 100 39 63 74 33 151 204 83 160 222 163 166 209 196 189 223 147 151 204 226 210 209 192 147 83 155 69 134 154 139 
14 24 44 33 113 118 197 170 150 141 197 99 207 175 165 182 176 171 163 165 150 154 209 31 80 84 44 92 155 71 151 70 71 54 95 68 85 129 150 117 87 65 117 31 38 18 44 54 136 142 176 92 113 39 50 105 55 41 87 126 76 50 111 113 69 95 151 175 209 221 224 224 194 227 184 154 150 29 79 106 172 182 194 187 218 178 186 192 154 165 80 101 91 160 150 117 74 100 142 119 36 185 71 153 58 86 68 129 234 83 144 226 153 182 129 208 91 129 223 137 165 130 106 175 99 113 69 106 
38 23 113 55 44 116 144 94 105 215 178 172 106 200 181 130 114 197 192 164 172 151 173 40 102 171 55 45 34 50 166 83 160 67 114 166 144 94 87 155 58 75 76 52 113 92 48 30 70 100 55 111 118 171 92 175 160 208 92 166 119 44 60 182 174 207 189 226 214 235 225 213 109 83 57 42 38 18 151 134 70 116 83 105 83 70 49 45 36 114 83 83 54 45 56 54 41 53 50 55 66 46 44 104 172 89 50 155 54 50 86 166 207 231 226 184 203 216 215 226 209 233 204 189 65 116 80 37 
39 30 120 74 147 66 92 175 92 118 226 197 106 117 74 96 113 176 105 92 154 124 50 95 74 38 54 63 75 128 83 34 52 52 70 94 77 65 64 97 27 44 68 51 44 54 15 30 22 20 52 68 116 65 100 202 184 221 216 165 39 39 114 183 165 169 158 204 87 194 116 87 42 20 68 32 18 56 63 49 57 55 39 52 31 15 20 38 20 44 36 28 35 28 22 58 15 37 68 32 20 22 29 68 64 44 54 68 106 184 70 95 50 172 227 231 226 189 216 100 203 189 209 208 124 77 57 49 
48 54 44 77 124 65 226 118 160 114 221 189 207 213 162 155 215 224 150 106 52 59 8 20 135 50 92 77 35 32 87 42 20 36 24 31 20 50 33 10 38 22 59 26 29 34 22 26 18 20 18 20 18 44 116 118 164 74 105 168 189 119 36 42 69 117 83 147 100 100 104 33 29 29 29 28 45 58 70 41 36 20 26 29 55 30 36 36 37 24 30 22 22 30 20 20 18 28 43 44 70 54 42 45 69 76 39 44 155 192 154 161 215 221 223 202 213 172 208 183 210 116 86 192 200 70 75 164 
24 74 34 114 172 197 114 197 154 52 168 176 163 171 189 104 213 155 38 69 106 100 76 38 18 87 45 35 39 28 23 18 26 18 34 18 26 15 18 18 14 18 14 10 18 29 20 14 18 20 10 18 22 36 83 100 100 70 52 22 38 66 40 14 39 106 106 59 37 29 29 20 20 20 23 37 29 36 37 29 20 20 14 18 18 18 29 36 20 20 20 24 26 18 26 48 22 18 18 18 18 18 38 31 15 44 64 86 117 117 151 192 184 180 158 117 192 208 233 173 129 152 85 200 58 155 117 172 
114 113 35 52 114 116 94 114 177 197 118 209 172 160 178 234 184 57 75 166 147 52 69 113 38 38 19 15 22 31 18 18 20 31 15 14 14 24 15 10 18 22 15 15 14 18 20 18 20 18 14 18 18 15 39 20 29 68 95 23 42 31 20 20 44 54 32 18 20 23 15 18 15 22 22 22 15 15 22 18 15 15 18 23 23 14 7 13 15 15 22 31 20 50 20 34 15 20 48 18 20 20 18 36 100 83 114 202 224 223 71 114 225 226 210 163 196 230 236 223 147 150 184 123 102 163 166 83 
58 74 59 47 66 197 79 79 52 210 207 231 171 92 198 195 165 118 183 51 59 34 24 30 69 25 55 15 36 15 20 15 37 18 18 14 15 20 15 14 15 15 10 10 8 15 15 10 10 14 14 18 23 18 22 15 18 15 22 18 30 29 29 18 15 18 18 18 36 32 14 4 13 23 43 79 53 15 50 55 106 96 175 199 195 174 140 76 79 17 7 13 48 18 34 34 18 32 30 20 30 23 37 41 79 123 106 154 123 120 100 113 154 208 216 184 163 210 210 199 117 77 111 202 192 117 154 42 
22 69 51 114 55 117 190 170 210 204 162 172 175 150 85 210 160 117 163 210 200 80 17 74 34 10 24 54 18 17 24 18 18 22 32 15 8 6 9 14 39 12 43 43 43 12 12 12 12 7 12 5 10 10 10 15 15 10 14 20 22 42 97 50 106 62 55 34 20 15 10 43 106 111 103 153 11 7 81 135 174 180 64 38 114 180 174 169 118 78 4 9 79 76 29 18 29 29 20 29 49 55 39 39 102 83 83 189 210 120 100 176 117 202 113 106 208 233 227 184 225 226 120 32 126 155 54 55 
65 113 106 123 77 189 178 147 170 197 79 69 117 175 178 215 213 200 103 77 106 64 68 40 28 17 21 13 55 13 34 44 20 30 17 13 4 4 60 85 139 146 133 38 42 96 90 86 118 17 44 113 27 12 4 10 15 14 14 22 29 44 38 31 36 37 41 20 15 18 65 104 71 107 59 26 14 13 171 180 174 171 71 160 13 158 183 167 110 156 7 79 86 111 120 39 50 51 37 51 51 95 65 163 74 106 192 163 155 104 164 202 163 129 192 232 235 91 86 216 214 116 113 192 184 172 139 106 
154 74 165 100 176 172 119 160 170 210 231 197 117 225 202 231 197 208 150 135 117 39 43 23 18 29 46 21 15 14 20 57 24 32 52 11 4 4 153 111 109 137 16 9 76 24 88 111 136 78 10 44 100 69 35 7 4 7 14 14 24 20 20 15 15 22 20 15 30 63 86 91 110 134 46 6 6 10 171 177 177 190 76 39 43 161 159 169 142 156 10 25 160 196 183 112 77 57 68 68 86 86 74 144 33 151 176 117 117 189 210 202 202 192 184 163 171 79 182 163 221 225 116 54 106 79 100 83 
117 114 213 220 44 124 44 100 172 192 189 210 221 235 202 202 192 154 216 183 116 74 117 34 97 59 48 23 23 28 50 52 58 55 37 66 46 4 124 111 109 177 124 17 12 69 108 130 158 46 2 8 114 170 84 17 12 4 10 15 15 18 18 30 37 29 20 15 24 63 42 75 152 42 10 4 4 2 84 111 177 186 205 185 192 181 124 133 182 16 4 52 181 215 189 139 71 45 77 59 80 85 113 176 116 52 163 204 155 210 155 203 172 129 165 133 86 123 87 163 208 223 184 173 116 117 65 117 
52 113 83 172 113 74 172 79 100 154 215 192 216 200 202 208 216 189 117 196 129 106 123 139 83 151 91 25 55 37 57 102 175 164 165 53 14 7 84 68 161 146 180 167 161 159 109 102 166 11 2 2 8 68 94 54 18 17 7 10 15 29 44 34 22 18 20 14 24 44 56 144 70 28 5 7 4 4 8 100 140 185 185 181 159 161 159 86 46 4 25 75 142 212 200 174 116 82 70 113 80 144 113 105 86 114 215 223 116 86 95 111 163 187 227 173 230 200 151 215 200 87 106 192 100 54 106 100 
181 47 114 106 92 163 154 170 147 39 129 117 187 215 210 163 210 172 207 120 207 183 112 151 173 147 129 74 69 75 72 105 180 175 176 33 4 4 8 76 114 169 159 157 169 174 146 103 46 4 2 25 28 44 105 23 11 7 4 7 13 23 29 20 55 15 23 15 56 65 175 64 26 44 39 168 5 10 7 8 44 105 172 204 184 133 86 83 7 43 54 154 204 223 184 117 67 58 71 70 114 151 124 170 95 178 117 117 151 189 216 214 178 210 224 192 175 216 192 197 123 48 50 172 192 192 150 154 
83 162 95 41 114 52 118 219 113 154 106 178 202 163 176 155 230 192 165 189 117 117 117 213 151 154 166 54 60 75 96 166 175 170 91 47 20 4 4 8 41 38 100 172 184 116 59 16 4 4 10 15 66 19 75 95 32 7 4 7 14 13 75 71 32 15 39 34 44 135 155 59 53 126 156 24 17 10 10 7 4 8 8 8 22 22 16 12 79 54 85 198 213 184 91 80 58 55 160 133 168 64 54 168 209 150 202 194 210 210 198 173 129 196 227 213 214 188 222 155 129 208 155 155 178 155 38 54 
100 58 160 105 113 129 92 172 192 134 196 233 226 210 178 183 74 210 147 172 129 179 83 135 172 83 151 140 94 94 74 103 178 194 103 150 35 50 35 4 4 8 6 8 8 6 3 2 2 4 39 43 76 48 28 163 124 15 7 22 20 14 18 15 20 50 83 55 36 117 74 59 16 24 70 23 14 5 10 7 4 2 2 2 13 21 43 155 94 166 133 189 206 134 69 48 69 28 60 160 94 151 164 155 171 117 184 139 210 227 216 216 224 171 177 233 231 235 173 163 228 139 69 154 123 117 92 39 
80 44 172 92 70 160 117 168 163 116 83 202 189 240 197 117 170 192 175 208 173 163 117 147 208 166 163 166 69 75 94 166 140 144 163 118 86 55 87 27 5 4 2 2 2 1 5 2 0 9 83 43 79 117 118 78 114 11 10 69 35 15 39 39 44 49 100 94 55 105 23 15 85 144 164 172 175 83 113 106 43 79 79 192 100 83 28 79 166 174 177 223 119 100 28 52 29 52 114 91 71 79 100 103 154 216 189 208 213 202 227 192 231 225 223 202 218 216 202 172 113 154 166 155 163 117 65 117 
71 27 43 169 160 154 117 39 221 214 155 113 178 223 204 176 155 163 202 237 215 204 133 105 117 100 184 95 106 102 91 104 62 100 115 174 65 87 79 35 38 68 79 79 43 79 79 71 97 129 188 210 234 202 155 19 8 6 24 77 19 30 44 59 50 51 48 84 120 20 30 23 44 74 172 150 117 113 79 74 38 31 39 23 43 154 213 184 116 196 199 89 59 30 49 80 86 83 124 85 154 133 83 95 151 216 225 116 180 117 226 210 163 189 172 130 192 234 202 215 197 175 186 117 83 160 150 100 
12 39 100 182 173 164 183 130 175 213 225 155 172 224 216 233 118 202 188 232 231 152 85 181 165 123 163 192 133 65 106 119 69 106 90 114 103 65 74 100 150 27 55 65 77 62 117 52 80 116 150 152 65 47 23 14 18 12 30 117 11 24 75 124 58 56 130 100 150 55 100 76 15 66 99 100 174 171 154 117 117 93 87 117 151 172 203 208 202 163 46 30 100 100 71 74 114 124 74 52 151 95 154 114 202 100 172 183 192 228 234 215 208 196 232 234 215 216 208 208 208 197 192 173 83 163 153 45 
105 103 64 68 178 184 100 154 79 163 210 192 208 197 163 189 189 216 188 202 216 208 142 100 140 116 166 147 166 144 105 100 120 98 91 70 58 91 113 69 77 111 116 68 105 83 163 87 100 117 117 106 105 102 23 81 11 8 50 92 33 23 25 91 90 62 106 71 168 153 69 77 95 30 44 55 44 74 113 100 202 184 117 192 225 228 155 83 54 42 55 86 68 113 55 106 92 64 84 208 154 92 172 119 117 160 233 216 163 116 160 192 172 225 225 222 192 222 202 202 223 83 83 113 151 197 87 70 
30 172 106 65 175 164 100 69 114 223 222 213 197 150 164 172 174 133 100 165 208 192 119 166 112 166 163 192 100 87 106 74 166 128 106 62 31 26 44 100 163 178 183 161 158 172 164 155 155 38 59 39 65 57 106 59 11 50 92 102 45 49 111 124 87 101 104 55 66 171 135 65 44 100 71 22 38 83 90 113 95 65 117 117 117 55 15 22 28 55 106 93 74 77 117 81 144 100 65 172 83 117 77 65 178 223 189 117 176 172 196 226 227 210 225 192 133 230 226 213 225 184 198 154 133 117 172 83 
14 30 106 154 176 86 144 158 175 161 172 150 154 117 189 224 219 113 106 135 175 192 213 216 192 192 197 150 75 100 160 151 100 166 104 132 93 18 17 22 38 100 71 74 70 70 71 59 54 59 59 38 24 59 31 19 18 85 102 86 32 58 66 197 95 88 75 92 40 172 173 70 11 12 79 175 216 192 226 226 226 208 197 154 79 43 14 15 42 49 74 58 104 106 117 104 93 55 151 120 69 74 172 192 192 176 164 175 117 166 192 213 225 223 210 227 117 172 234 231 209 192 172 187 204 172 100 71 
79 22 113 196 150 117 189 201 210 172 172 151 208 196 200 155 189 233 235 150 142 117 189 188 155 100 133 172 119 106 133 117 59 77 60 104 95 65 41 20 34 14 28 12 30 20 30 55 69 154 154 43 39 4 15 45 58 166 76 102 32 13 85 197 161 118 137 153 47 68 91 26 13 151 224 224 224 227 227 232 232 232 232 227 224 219 124 79 79 48 59 56 102 91 52 118 94 90 106 160 92 70 100 160 216 215 192 227 236 209 177 172 234 208 208 216 230 224 234 199 189 129 154 208 219 171 172 71 
106 55 66 199 172 165 100 123 117 120 71 74 172 171 154 117 130 196 226 192 202 202 204 210 175 140 62 52 87 85 100 105 95 58 41 74 31 22 20 15 12 39 43 79 79 154 154 150 123 198 225 227 226 35 4 20 79 184 175 119 14 25 114 200 93 101 128 163 93 20 51 4 13 126 227 232 240 240 240 238 236 227 225 184 172 116 105 70 59 42 50 110 133 100 62 65 79 64 44 94 102 117 172 150 164 202 207 187 221 238 227 227 210 226 240 226 210 225 202 222 194 202 117 64 100 182 91 63 
58 106 79 65 133 100 113 178 221 231 192 100 202 222 147 154 189 117 210 155 147 111 221 194 208 200 166 28 59 113 130 70 166 61 39 43 23 17 18 20 44 111 175 219 219 219 224 224 224 224 216 219 232 200 17 24 118 163 175 80 14 13 75 191 70 110 131 178 197 35 48 10 18 151 236 238 248 245 238 236 223 180 175 165 123 150 95 55 39 36 39 23 69 59 73 113 92 86 86 79 178 171 192 192 172 192 225 184 116 210 210 210 226 192 192 221 246 225 216 227 239 106 64 85 189 171 175 154 
117 117 172 92 83 113 75 187 215 150 202 200 150 196 197 106 207 222 171 208 192 172 175 155 75 204 192 147 106 92 95 68 39 32 59 63 48 17 15 18 30 52 172 204 224 227 227 227 227 232 232 227 226 200 35 25 168 158 183 35 37 20 50 191 85 139 88 105 198 76 13 30 49 218 241 248 241 231 225 224 226 226 224 224 224 219 203 189 139 77 73 52 56 100 39 52 105 35 106 150 70 151 197 77 114 192 192 192 208 213 214 215 223 202 226 184 189 189 120 144 172 155 114 225 119 87 95 69 
100 155 87 170 150 117 172 129 172 161 91 151 194 226 192 215 184 163 202 234 215 117 92 74 117 213 147 166 150 55 44 59 54 42 68 59 30 23 55 106 123 123 77 105 198 224 232 227 232 232 236 236 231 183 64 18 74 182 197 62 36 41 75 200 132 127 98 131 180 180 23 56 75 232 248 246 235 224 232 232 232 231 227 224 224 219 219 184 103 88 71 59 58 44 54 104 32 75 106 113 104 102 106 123 163 114 215 176 141 202 204 197 170 154 175 208 208 233 208 152 172 172 155 163 93 74 54 161 
52 39 86 120 52 52 87 90 117 175 154 117 197 154 79 154 150 58 208 228 200 160 154 154 163 176 155 114 166 54 24 28 27 71 83 31 22 29 75 187 203 212 209 150 74 207 227 236 236 236 236 238 236 171 48 24 44 218 169 76 41 56 111 200 146 112 98 96 167 164 93 41 151 238 246 235 226 232 236 238 231 232 232 227 224 201 173 101 107 91 79 55 23 34 56 74 76 114 89 36 54 105 113 92 142 196 227 153 117 177 203 232 226 226 232 225 223 224 192 215 192 202 215 223 147 123 192 165 
79 74 116 50 114 171 155 155 117 74 172 181 189 163 184 197 154 182 184 189 176 83 117 172 117 172 71 166 142 61 22 42 32 15 28 17 18 20 100 199 216 219 224 216 197 118 221 236 238 236 236 238 231 173 61 30 111 210 174 91 41 65 111 194 159 115 90 125 158 175 93 57 217 237 236 232 232 236 238 238 236 231 227 224 184 135 192 175 175 189 175 149 80 63 87 111 79 69 83 32 41 202 162 172 173 204 208 123 189 224 214 204 221 223 163 198 226 224 210 189 192 202 184 155 139 65 196 189 
42 75 76 50 123 77 100 181 184 117 181 83 105 116 130 133 210 197 150 155 105 129 181 175 204 70 40 38 83 36 32 48 44 42 59 50 106 135 52 172 224 224 226 224 224 216 203 232 241 243 238 238 227 150 112 49 168 173 164 70 57 73 102 195 146 125 112 110 169 189 124 63 217 231 236 238 238 241 238 236 236 236 223 163 187 195 216 226 224 224 224 183 99 77 102 86 77 42 70 106 154 65 100 113 123 116 168 155 184 163 210 224 185 172 200 202 163 232 210 163 117 151 208 165 150 133 116 116 
37 23 43 56 130 113 133 106 117 144 173 163 234 223 117 43 154 175 106 158 150 75 165 129 133 70 33 68 54 106 95 69 65 71 58 106 189 205 189 118 215 226 227 227 227 227 224 227 237 243 238 238 232 153 88 73 196 181 134 82 57 74 107 186 145 128 136 145 177 180 139 41 217 232 237 238 238 241 238 238 238 227 186 192 212 215 227 227 224 219 200 116 72 52 74 160 117 106 117 74 161 123 100 215 184 184 161 189 189 163 215 176 197 208 192 189 189 198 227 227 208 154 166 225 189 92 71 42 
106 123 92 39 22 44 83 100 106 184 142 154 175 117 117 105 83 163 225 117 106 166 147 153 152 68 81 28 79 150 99 100 91 58 25 175 216 224 224 171 178 224 227 227 231 227 227 224 236 243 245 241 236 171 80 96 193 183 120 88 63 90 105 180 177 127 131 137 138 185 127 71 218 232 236 238 241 238 241 243 235 189 224 224 224 226 227 226 224 194 134 123 76 56 123 121 133 160 102 139 116 71 106 117 141 221 232 208 188 171 102 144 215 216 225 225 194 208 226 215 192 106 123 151 214 139 113 55 
90 114 129 182 165 65 65 133 83 86 69 178 119 117 116 163 227 215 197 106 166 147 100 55 106 155 131 117 175 120 71 59 51 15 25 198 224 224 224 216 176 215 224 227 232 236 236 232 232 241 248 243 238 173 88 86 195 173 103 90 82 96 138 199 134 115 115 121 137 169 169 91 218 232 238 241 238 238 243 235 219 224 227 227 224 227 227 219 164 135 192 180 120 52 74 157 113 102 172 172 150 175 208 164 113 117 164 225 215 192 192 215 210 225 225 214 117 117 198 189 189 130 192 202 200 77 90 106 
38 38 55 27 44 160 117 70 69 154 154 130 39 117 83 139 166 172 199 154 106 129 106 173 86 175 204 153 111 117 117 52 23 49 36 182 224 227 227 227 209 178 227 232 232 232 236 232 231 237 248 245 236 153 86 151 194 159 103 88 72 96 158 167 145 127 107 125 161 177 180 120 168 232 236 236 241 243 241 227 226 227 232 227 227 227 224 173 123 187 226 219 183 80 100 67 102 177 173 63 161 174 202 209 192 208 216 200 215 216 225 192 233 238 214 210 210 207 232 216 152 96 164 189 176 140 83 42 
135 52 100 44 113 79 74 172 71 52 113 196 153 123 105 192 130 163 212 155 172 184 199 192 184 187 117 106 116 129 100 129 93 27 41 182 219 224 227 227 224 188 224 232 232 231 236 232 231 232 243 248 235 134 96 178 183 142 99 107 101 104 175 159 143 167 127 127 169 169 185 153 182 236 236 237 245 248 236 227 232 231 236 232 227 227 200 142 203 226 227 227 209 120 137 100 161 144 116 160 161 195 162 172 161 216 194 182 166 192 226 192 192 231 210 192 192 204 202 116 79 100 172 175 189 209 79 95 
59 38 111 150 79 74 83 129 208 192 142 178 209 194 99 105 198 219 197 161 70 135 71 75 224 209 154 139 71 100 164 117 111 61 65 168 219 227 227 231 231 209 207 227 231 231 236 236 236 231 237 243 238 153 96 158 174 136 132 116 104 146 177 146 157 145 127 109 138 175 180 139 218 232 236 238 245 243 236 236 236 236 231 227 227 224 194 212 226 232 227 224 210 171 143 160 189 175 175 175 171 176 174 160 176 172 219 194 184 158 204 224 204 192 172 215 189 116 163 202 231 150 172 161 92 42 111 69 
59 24 30 74 54 100 71 69 117 117 104 106 83 160 95 117 64 117 175 197 154 100 151 192 155 94 106 92 160 106 166 59 58 75 142 118 205 224 227 231 236 226 194 227 232 227 231 236 231 236 237 243 236 120 131 187 173 130 103 109 125 167 180 181 140 138 138 127 146 198 177 171 221 232 237 243 241 241 231 236 238 236 236 232 231 209 216 224 227 232 227 227 209 153 135 175 150 128 172 190 202 202 172 197 175 190 189 164 237 229 210 165 163 172 192 173 163 213 184 184 160 120 111 163 79 100 172 130 
41 75 76 23 114 62 86 77 182 152 50 55 100 172 192 71 100 113 129 188 215 192 139 100 140 202 155 86 172 119 49 68 71 135 198 148 219 219 224 227 236 227 209 221 232 236 232 232 232 232 236 245 238 120 111 195 174 132 93 96 125 143 169 145 127 125 112 109 131 181 180 153 221 232 241 248 248 238 232 238 238 236 232 231 227 216 227 232 231 227 227 224 209 142 99 105 164 177 123 176 214 200 160 208 214 225 215 183 113 213 226 224 209 208 208 216 209 161 154 189 133 87 140 233 192 163 80 22 
22 117 70 56 54 100 165 39 39 100 100 91 79 117 74 192 161 119 44 118 226 189 134 111 177 173 134 80 106 152 26 22 50 175 215 153 210 224 227 232 236 232 224 203 232 236 236 231 231 231 231 238 236 120 131 180 174 145 107 125 121 157 145 159 130 115 125 110 131 177 181 120 221 237 243 249 248 231 238 238 236 232 236 231 219 224 232 236 227 226 224 224 197 149 120 140 100 138 164 192 210 210 192 189 176 207 233 216 216 197 178 186 189 204 202 184 178 226 197 189 178 216 183 106 95 95 75 192 
42 97 58 48 41 54 105 116 70 117 105 104 133 106 69 79 166 172 164 192 200 196 154 194 183 95 74 175 64 30 36 39 23 182 224 171 182 224 227 227 232 236 231 226 227 236 231 232 227 231 236 237 236 103 157 177 174 134 88 101 107 169 174 169 145 121 121 109 131 167 177 120 221 241 245 249 235 237 238 236 232 236 236 227 224 227 231 231 231 231 224 219 192 203 171 93 87 158 123 92 117 210 210 210 202 192 221 214 210 210 184 226 208 192 199 165 117 189 210 184 172 198 192 93 75 139 105 51 
65 102 123 106 106 163 70 77 105 100 202 215 200 172 116 172 155 178 216 219 163 159 165 117 129 192 105 70 71 71 24 44 58 182 224 209 178 215 224 232 227 236 231 224 224 236 236 231 232 236 231 237 231 120 146 167 189 108 108 98 115 187 174 185 159 132 109 115 121 146 165 120 221 241 248 248 232 237 238 231 236 238 231 224 227 232 231 231 227 227 224 194 216 215 209 112 99 65 105 172 120 140 202 215 209 204 215 216 226 189 163 117 189 192 164 165 176 147 123 100 143 117 95 69 55 106 116 74 
69 23 39 79 59 49 59 38 74 210 147 133 129 154 71 100 149 155 177 165 154 188 184 159 83 130 69 43 52 77 58 26 68 182 227 227 148 224 224 227 231 232 231 224 224 236 236 232 227 236 236 232 236 145 167 169 181 101 88 90 131 157 169 192 159 132 115 108 115 158 157 103 221 241 248 235 236 238 236 236 241 238 227 227 232 236 236 232 232 227 224 199 224 224 209 134 52 71 160 175 117 129 178 192 150 192 233 239 219 210 184 140 207 225 165 123 175 192 166 83 160 184 105 83 42 52 59 55 
52 114 175 64 42 20 44 158 176 83 165 106 92 100 198 210 208 176 147 175 139 204 183 94 100 31 50 133 116 86 48 18 73 218 227 236 183 207 227 232 227 232 232 227 227 232 241 238 236 232 236 236 236 132 146 145 128 101 98 96 125 146 146 167 145 128 108 109 127 131 157 120 221 248 245 232 238 238 236 238 241 236 226 227 232 236 231 227 231 224 219 203 224 227 209 93 90 90 172 164 172 117 159 177 116 160 213 225 225 192 204 210 209 189 117 210 171 102 163 129 150 155 116 174 117 70 36 83 
49 79 52 58 62 37 39 44 163 100 54 129 192 95 175 70 196 183 129 117 77 102 86 166 119 129 213 165 133 70 20 9 123 221 227 232 209 182 224 224 227 231 237 236 232 231 237 238 236 232 236 231 231 149 167 149 132 101 98 107 131 161 180 189 174 149 125 109 132 136 169 120 230 241 242 232 238 236 238 241 238 231 231 227 236 236 231 227 227 227 194 219 224 224 209 159 111 175 165 114 160 165 103 117 172 130 177 226 224 210 163 233 223 210 194 180 198 184 116 100 161 174 172 117 68 79 55 30 
29 52 45 39 69 106 71 38 68 117 189 70 87 79 123 170 172 172 209 173 181 135 116 55 102 83 163 116 20 32 29 50 110 221 232 231 209 178 224 227 227 227 236 236 227 236 232 240 236 232 236 232 228 161 167 167 120 98 98 135 146 158 199 189 213 164 128 109 112 131 169 103 237 245 235 236 241 236 241 241 236 227 227 236 240 236 236 232 231 224 186 224 224 227 219 173 70 74 116 160 175 215 171 175 136 163 221 197 189 210 184 192 210 163 117 175 189 200 123 106 192 159 86 117 70 105 77 74 
41 87 76 160 123 135 35 44 38 38 74 116 105 94 154 95 114 83 129 203 232 209 178 173 171 166 193 123 76 23 7 50 142 224 227 227 227 174 219 227 231 231 232 236 231 232 237 243 236 236 231 231 228 161 180 167 127 108 98 107 136 177 189 189 174 137 128 109 125 138 180 110 237 241 227 238 238 238 243 238 231 227 232 236 238 236 236 227 232 209 187 224 227 227 209 124 55 36 28 114 199 105 140 128 198 192 203 208 192 197 150 178 224 202 172 155 105 208 192 155 129 102 130 102 72 80 104 71 
150 52 83 58 111 91 29 83 54 39 74 73 70 65 151 153 71 69 117 196 197 175 152 100 172 163 181 133 42 28 15 50 159 219 224 224 227 171 182 227 227 231 236 238 236 232 241 248 243 236 236 231 228 146 174 139 108 101 98 131 146 187 231 203 194 174 157 125 125 149 146 131 237 242 232 236 232 232 243 238 236 227 236 237 238 236 236 231 231 194 216 227 227 224 209 91 63 86 55 87 135 123 175 194 178 231 216 205 189 172 192 234 192 175 106 133 202 197 99 67 158 208 123 172 71 86 93 58 
39 23 27 22 38 114 62 12 12 68 101 86 149 187 120 163 92 100 155 155 160 106 192 181 134 117 93 34 23 18 24 151 183 198 227 227 232 224 178 224 227 236 236 237 241 231 238 243 243 238 231 231 223 138 167 167 112 101 98 115 138 180 210 188 194 183 145 143 132 137 167 142 237 235 236 236 236 237 248 238 231 227 238 236 236 236 236 231 224 203 231 226 231 227 209 116 52 52 105 100 100 147 130 200 164 100 160 175 176 172 194 154 117 163 164 155 100 160 110 52 86 65 69 79 130 116 87 98 
39 55 55 41 56 129 79 100 71 102 59 117 38 129 154 105 129 102 95 151 197 175 150 135 166 124 25 124 34 14 18 182 171 178 227 232 236 226 173 224 227 236 236 237 236 231 237 245 243 238 232 227 223 157 167 145 127 108 98 107 135 169 185 174 194 180 145 157 137 138 134 158 236 224 232 236 236 248 243 236 231 232 236 236 236 236 232 227 184 219 237 231 227 227 209 71 71 71 87 69 55 71 114 192 175 123 154 117 175 192 174 189 192 173 163 129 150 196 116 52 62 74 91 74 116 117 80 42 
117 65 98 135 87 52 50 22 74 155 70 95 42 70 66 94 106 150 106 133 83 172 194 70 75 46 30 39 65 73 24 207 209 178 227 236 236 231 183 182 227 232 236 236 238 236 237 245 248 236 232 227 209 189 169 137 108 98 98 108 158 187 221 209 177 174 132 131 121 115 161 158 237 224 231 231 237 248 241 236 232 236 236 236 232 231 227 223 175 221 232 231 227 224 200 59 29 69 77 37 69 151 216 216 153 164 164 225 216 221 200 137 116 172 172 210 116 71 151 92 129 150 62 63 86 164 71 77 
131 130 116 105 54 68 43 27 27 23 74 116 48 23 42 50 182 153 86 106 116 70 117 197 64 56 44 86 71 31 25 187 219 140 224 227 236 236 194 158 227 236 238 237 238 238 232 245 249 241 227 231 209 159 164 167 108 98 101 107 131 210 227 209 161 159 109 115 108 109 121 140 238 224 227 232 241 245 238 231 232 236 236 238 232 231 227 194 201 226 232 232 224 224 200 71 52 83 69 55 41 144 181 163 196 194 192 149 114 192 159 135 117 142 219 116 83 70 129 144 116 86 67 106 71 70 74 164 
175 159 103 100 139 52 70 55 26 10 44 54 41 129 92 68 83 83 161 33 22 74 105 113 119 23 18 65 73 37 22 187 219 92 212 227 232 236 216 171 221 232 237 245 243 238 231 241 249 243 231 227 209 209 186 159 108 98 98 109 158 204 227 209 180 165 110 125 127 109 109 118 236 221 232 232 247 243 236 231 236 237 238 236 231 231 224 187 216 237 232 227 227 216 153 51 58 69 72 165 100 155 70 87 117 117 172 202 169 175 172 160 208 150 105 163 138 100 134 87 67 80 86 102 71 63 65 107 
58 74 83 111 120 80 26 10 79 64 12 14 13 54 95 55 20 50 55 30 83 38 28 74 100 50 70 17 18 30 10 168 224 119 182 224 232 232 224 194 178 231 237 241 243 238 231 237 248 248 236 231 223 167 189 157 108 107 107 115 146 198 227 231 186 169 120 131 125 110 121 158 236 227 231 236 248 243 231 232 236 241 241 236 232 231 209 224 232 236 231 227 224 209 103 45 20 41 79 102 210 150 106 100 189 202 197 189 183 155 171 71 74 105 134 100 116 55 39 65 113 106 95 90 106 102 82 82 
41 69 79 106 100 54 39 36 117 19 30 17 24 96 59 39 32 28 52 138 91 26 41 26 28 34 26 69 34 4 7 168 224 197 111 219 221 232 232 216 194 221 237 243 241 238 231 237 243 248 242 232 200 158 184 127 101 101 108 107 158 184 198 219 174 145 137 127 112 109 128 158 231 227 231 236 248 238 232 238 238 245 245 238 238 227 189 219 237 241 238 224 224 200 62 36 31 69 65 106 98 166 155 130 59 87 117 117 170 175 95 55 160 192 118 124 96 106 161 123 72 87 87 82 104 175 123 77 
106 62 52 52 42 41 74 155 22 70 56 34 44 100 71 68 52 59 44 172 100 63 55 14 7 15 18 57 26 15 14 168 224 209 91 204 224 231 236 227 215 219 236 243 243 236 232 227 245 245 238 231 171 110 157 108 98 111 110 107 135 187 210 225 171 159 127 128 127 101 131 178 231 232 236 237 248 236 232 238 243 248 243 241 238 194 203 221 237 238 236 232 231 171 59 44 37 30 44 28 85 149 131 192 161 161 161 172 164 172 116 116 102 116 100 95 49 71 68 62 41 96 139 67 102 105 121 101 
90 100 100 155 59 56 19 7 30 55 58 31 18 29 68 133 54 34 69 23 44 74 64 58 44 31 18 20 17 4 4 66 224 209 153 168 224 227 232 231 215 209 230 243 241 238 232 224 237 245 236 231 153 130 134 101 98 108 101 109 167 199 215 227 174 159 127 125 127 108 115 178 235 232 232 245 243 235 232 241 248 248 245 241 235 186 215 232 236 231 231 232 227 171 62 37 56 71 36 86 55 87 87 163 87 71 70 107 172 105 87 109 116 110 76 50 74 155 51 52 45 50 100 100 99 59 58 63 
74 104 79 123 90 76 55 37 39 30 28 77 49 59 31 22 30 11 15 50 19 28 27 20 30 27 44 59 6 2 2 66 224 227 183 100 203 224 236 236 227 227 224 237 245 243 236 227 237 245 236 231 171 115 109 108 108 109 98 101 158 216 227 194 171 138 127 115 134 109 107 168 231 227 237 245 238 221 236 241 248 243 241 236 209 219 221 237 236 231 231 236 209 120 45 22 28 107 100 138 55 41 75 130 113 149 164 165 105 116 120 121 181 103 62 37 41 79 62 69 71 71 62 49 42 50 45 42 
70 87 146 169 163 133 105 71 50 100 80 70 42 22 59 38 31 57 20 24 28 86 45 37 30 27 15 17 15 4 0 25 224 231 209 92 198 224 232 236 231 224 224 237 237 245 236 227 232 247 238 231 153 111 103 98 101 101 101 125 187 209 227 223 184 143 115 109 121 101 115 168 235 232 237 245 235 221 236 245 245 238 243 235 187 205 232 237 238 231 227 231 194 183 62 65 65 106 71 105 116 100 100 105 139 102 131 170 150 95 202 171 77 77 74 86 106 102 87 58 42 106 130 62 57 69 37 29 
123 130 102 170 181 103 96 130 62 69 52 44 77 20 44 31 30 24 15 39 43 53 11 14 18 11 13 18 20 5 2 9 215 219 227 183 168 224 227 236 236 226 224 227 238 237 243 227 227 248 238 232 183 109 101 101 98 98 98 128 157 203 219 192 180 132 109 115 125 101 115 182 231 232 236 243 235 232 237 245 238 245 242 194 224 224 236 236 231 227 232 224 189 153 58 20 68 71 52 68 52 129 74 112 100 82 65 99 74 100 95 52 49 41 104 95 87 80 58 51 57 74 70 52 58 71 69 45 
189 175 161 163 204 174 189 120 164 173 94 95 55 65 45 50 45 34 22 39 52 23 8 22 42 34 38 26 13 12 0 0 168 219 226 226 118 224 227 237 238 236 216 221 238 231 237 236 224 241 243 236 183 98 98 98 98 98 98 104 146 210 210 232 227 183 112 109 115 101 101 218 227 232 237 242 224 236 238 236 237 248 235 221 209 232 238 238 231 227 232 200 196 153 49 45 56 87 77 63 74 87 80 114 87 72 100 59 49 57 68 95 57 75 123 80 75 150 90 55 75 150 62 41 73 62 58 51 
165 169 192 149 175 188 171 161 131 165 123 149 133 138 116 73 100 31 24 59 31 11 12 22 50 53 11 18 15 15 0 3 66 198 227 214 99 198 227 237 238 235 224 219 237 231 232 231 224 237 243 238 209 139 98 101 98 98 98 110 161 221 227 238 236 209 134 125 108 101 101 218 224 232 237 242 224 236 237 238 245 242 219 221 232 238 238 236 227 232 227 171 219 119 51 29 29 50 77 117 134 71 95 55 44 117 71 57 58 100 93 56 77 58 63 41 57 102 90 45 49 55 74 62 42 67 49 51 
216 216 183 175 212 213 204 116 100 172 153 58 76 39 71 58 43 55 62 34 18 26 28 10 23 59 58 56 34 7 2 2 44 198 227 227 153 182 224 232 241 231 231 224 232 240 232 231 224 221 243 236 224 120 98 98 101 108 101 115 161 175 228 225 236 200 128 127 109 108 104 236 227 236 243 235 227 237 243 241 248 235 203 226 237 243 241 231 227 224 224 182 209 61 36 41 55 58 135 117 90 98 95 111 76 56 95 100 62 23 75 123 96 113 65 82 100 82 58 71 57 57 37 58 57 49 37 37 
225 210 226 189 174 186 169 169 175 174 177 161 161 123 135 120 54 55 15 13 5 2 10 13 39 6 18 44 15 15 2 0 24 182 225 232 197 178 224 227 241 236 227 224 227 237 238 236 227 212 237 238 231 120 101 107 101 108 101 131 163 226 231 212 210 209 159 139 98 107 158 236 226 238 248 235 232 237 241 245 248 209 198 232 241 243 236 227 232 231 200 215 171 31 20 24 58 45 18 151 139 102 100 172 140 91 135 42 113 65 71 98 52 42 86 65 139 90 57 75 95 59 58 51 58 45 41 42 
177 210 204 215 209 164 183 189 181 190 187 183 165 192 187 139 62 19 7 12 15 30 42 36 31 14 14 18 14 4 6 8 24 111 195 221 231 120 219 227 237 243 231 219 230 243 238 238 231 224 230 243 236 183 101 107 110 120 98 111 149 181 216 193 216 164 134 134 131 101 182 236 227 237 248 219 232 243 236 245 242 198 219 237 245 248 236 232 231 227 198 219 119 18 20 32 28 23 20 58 68 102 71 63 100 99 73 63 55 123 90 95 44 69 77 87 93 74 67 69 80 42 41 41 51 29 41 41 
181 184 175 203 204 189 221 212 208 226 216 199 201 201 186 133 31 7 20 44 32 6 22 6 7 38 31 18 22 14 4 0 25 52 181 224 238 153 207 232 238 241 238 226 221 245 238 237 238 224 230 245 236 197 120 107 110 103 98 125 135 192 189 192 180 174 112 108 144 108 221 235 232 245 242 221 236 243 237 245 223 203 232 247 249 242 232 227 231 223 196 200 54 42 22 24 48 28 77 49 51 55 42 68 55 56 77 59 58 100 87 62 62 50 149 62 82 57 63 100 71 57 57 57 42 29 49 37 
172 181 189 226 226 212 204 214 216 215 209 184 181 155 59 14 10 5 9 12 14 18 20 26 4 10 18 20 10 4 4 5 9 71 168 219 227 220 182 227 237 245 236 223 204 237 245 238 238 227 221 245 236 226 171 109 112 98 88 107 161 167 181 189 173 164 103 101 101 111 237 235 236 245 223 221 237 243 241 245 219 224 237 249 248 238 231 236 231 183 224 200 28 52 22 31 22 58 74 69 52 42 57 68 74 113 112 77 106 74 71 36 68 77 58 37 36 58 69 74 67 57 69 51 41 37 49 42 
169 186 216 224 216 223 210 210 188 140 116 138 71 27 18 23 24 28 15 22 14 14 13 26 17 7 18 15 15 7 7 2 9 97 75 195 224 231 174 210 237 249 243 231 201 230 245 238 243 231 219 241 238 227 159 107 121 98 88 98 107 130 161 183 159 127 108 96 102 151 241 231 237 245 209 232 237 241 241 235 203 227 237 248 242 231 236 236 223 182 224 119 11 24 15 17 13 71 57 55 79 90 113 57 69 52 73 99 70 32 56 52 73 52 58 57 57 45 56 67 63 62 68 45 23 41 42 29 
187 219 226 224 204 180 204 183 198 189 150 77 65 55 28 65 45 50 19 12 10 24 10 23 14 14 7 15 29 23 6 2 2 68 52 193 224 231 197 207 231 245 248 231 209 203 237 238 237 236 219 237 243 227 174 108 108 90 90 88 107 140 210 184 169 128 101 90 98 182 241 227 237 238 212 232 241 238 241 235 219 221 237 248 235 232 231 224 163 227 209 76 39 26 29 34 44 59 59 31 68 62 44 87 106 76 20 63 57 113 95 59 73 55 41 49 110 71 41 69 57 67 57 67 51 41 41 42 
186 221 209 216 219 216 219 189 184 172 165 106 110 70 105 104 71 26 24 11 13 15 15 15 8 7 8 15 10 15 2 2 6 66 124 168 224 232 223 178 224 237 248 236 200 221 224 225 237 236 224 230 243 231 173 103 98 82 82 90 130 181 184 164 132 101 101 98 88 217 235 227 236 235 221 236 241 238 243 209 198 221 244 242 227 232 231 200 196 224 200 33 20 14 14 30 36 45 65 45 42 58 69 130 52 135 52 56 102 74 105 71 52 58 67 63 67 45 44 58 72 58 58 63 58 55 41 41 
227 224 227 227 224 216 219 194 175 165 187 209 153 86 71 64 3 9 5 14 14 10 6 7 4 6 7 7 15 14 2 2 13 25 160 74 203 227 236 92 215 232 238 231 209 219 236 226 224 224 219 221 237 236 209 103 108 88 90 107 101 161 149 139 128 108 98 98 90 230 235 227 236 200 196 236 236 237 235 194 198 237 245 235 224 232 227 142 226 227 153 26 15 14 7 13 36 45 42 26 65 166 116 95 86 52 59 58 74 42 57 74 71 49 51 74 100 88 62 37 49 51 41 41 55 58 51 42 
210 224 219 210 210 189 188 194 201 183 181 133 172 154 150 17 14 17 14 20 11 7 4 2 13 41 27 15 30 5 2 2 2 12 66 54 182 224 236 183 187 224 231 236 219 204 230 248 241 231 227 219 236 232 209 108 109 101 88 96 137 164 189 149 110 110 108 88 111 237 212 237 235 171 221 236 232 241 209 145 216 237 245 227 224 224 152 196 231 219 89 15 13 36 59 58 51 41 37 39 106 102 101 92 74 113 79 55 51 20 36 67 71 82 68 51 72 77 49 74 58 58 58 58 67 67 51 41 
210 210 219 209 216 212 192 219 219 164 164 145 133 54 83 69 55 42 14 22 18 10 6 9 17 4 8 54 35 18 30 41 53 6 44 113 114 215 227 214 178 210 221 231 200 187 221 241 238 238 232 219 227 231 200 109 98 88 82 107 110 187 194 130 134 134 101 88 151 231 221 243 223 142 227 231 237 241 209 131 221 245 235 224 209 219 142 231 224 153 59 42 31 43 14 18 29 22 42 26 42 59 42 58 52 55 36 42 58 34 68 106 123 51 75 77 57 87 67 97 58 59 42 36 58 57 57 57 
195 195 195 204 199 199 215 212 192 181 161 116 88 62 69 80 114 113 35 15 10 14 6 13 6 1 4 7 22 31 79 16 2 2 28 168 92 207 224 227 148 224 227 231 174 173 221 237 238 231 232 214 221 236 153 96 88 90 90 98 135 169 177 171 140 128 127 108 158 225 237 245 191 151 232 236 245 236 153 75 221 238 227 224 219 153 168 225 219 153 93 52 22 42 17 39 79 71 100 100 172 100 100 117 76 68 45 34 29 68 55 99 87 93 56 87 93 96 77 58 41 23 36 42 42 42 57 41 
215 215 204 204 219 216 216 192 173 158 164 159 137 130 105 86 71 48 38 113 35 2 2 15 2 13 27 39 12 15 3 44 71 17 25 75 124 114 215 204 197 182 227 231 183 137 198 231 231 225 227 209 198 231 171 108 82 73 107 125 159 146 185 174 132 121 125 112 111 215 241 243 119 218 236 231 238 227 120 111 237 235 227 224 219 142 192 207 200 123 58 58 49 55 100 38 22 18 24 32 44 42 69 35 38 100 79 57 55 55 52 58 37 58 77 82 72 87 105 71 55 51 56 45 49 45 58 57 
224 226 212 215 224 219 199 195 134 99 86 120 131 142 149 133 59 26 2 4 38 54 43 19 1 43 100 38 26 10 7 9 11 21 20 58 112 92 181 149 200 74 219 188 224 159 135 216 212 227 227 224 175 225 159 103 90 90 98 104 131 161 185 183 121 138 137 134 96 232 236 225 70 221 231 232 232 209 91 168 231 219 224 209 152 175 209 177 94 181 69 55 74 71 32 18 20 29 30 52 36 42 23 57 82 23 39 170 150 71 44 71 37 51 73 51 58 68 82 62 87 62 41 57 37 29 42 41 
225 224 226 227 215 186 187 194 103 73 146 167 167 200 175 71 37 17 7 12 43 12 8 38 83 27 43 104 95 55 71 34 15 8 4 24 74 171 111 215 226 76 114 158 232 183 120 221 232 231 224 226 153 169 171 107 101 98 98 131 157 185 159 157 136 143 140 103 107 221 224 228 75 221 227 227 227 116 51 182 219 204 227 174 129 228 200 91 126 173 73 105 31 34 20 44 31 34 22 42 29 63 44 63 95 74 70 68 74 94 62 82 63 58 63 62 69 65 74 71 65 63 51 49 51 41 51 52 
226 227 227 224 192 189 173 116 135 192 181 169 138 140 134 71 20 24 37 22 22 38 22 8 7 13 29 29 14 20 5 8 27 50 17 24 62 160 92 178 227 153 44 164 210 153 67 182 232 237 227 232 183 171 110 107 101 107 107 125 157 164 159 157 136 146 110 107 110 207 236 223 75 226 240 236 223 103 63 164 172 158 216 120 151 223 119 28 173 54 133 113 52 63 62 55 41 37 36 32 30 73 77 59 42 37 58 51 41 45 36 102 72 62 52 112 99 82 98 57 96 88 58 41 63 49 55 41 
224 224 227 224 205 195 134 135 199 177 180 103 149 159 90 32 26 7 11 12 23 20 4 6 3 4 7 18 18 15 14 17 23 26 15 18 111 77 112 74 210 163 61 111 178 209 71 182 227 231 212 232 200 145 101 108 109 110 101 109 146 203 167 137 121 132 110 110 134 158 225 152 85 224 241 236 184 59 151 175 175 187 223 86 221 200 59 151 133 86 130 161 95 65 58 49 117 29 20 30 65 97 29 37 49 57 63 72 49 63 57 114 88 100 93 37 57 58 71 42 68 77 62 49 65 67 82 72 
227 227 224 212 203 197 175 216 216 216 183 187 186 189 64 13 15 30 26 15 10 8 8 10 18 71 59 69 55 42 23 11 8 18 24 44 67 135 197 92 181 178 89 218 216 227 91 129 210 219 226 223 171 125 127 98 98 101 101 115 146 161 159 136 146 159 146 137 121 146 204 89 196 237 236 227 91 75 219 224 203 232 153 182 186 64 75 215 119 114 90 95 77 56 62 39 68 80 100 100 70 57 57 57 69 55 42 58 51 49 41 41 57 51 74 71 57 72 77 55 63 87 82 73 72 57 58 72 
219 227 226 232 231 200 203 231 227 224 194 177 204 184 45 37 14 6 6 27 20 59 39 43 43 43 43 79 175 117 117 38 83 71 30 18 69 100 198 150 66 99 112 114 225 227 91 144 221 232 238 200 120 115 112 108 110 108 110 137 146 174 139 146 132 127 132 138 132 137 185 208 240 232 231 223 62 151 223 171 218 223 94 221 119 28 196 173 45 58 74 96 93 77 37 23 36 70 69 37 41 51 71 62 58 58 51 51 42 36 45 29 41 95 73 63 51 58 62 74 82 62 49 82 72 90 77 63 
232 236 232 231 224 195 227 227 226 227 203 215 216 197 154 106 71 71 100 83 83 83 83 38 28 55 166 99 83 38 38 12 12 18 30 42 44 50 114 171 23 42 124 22 58 144 93 151 232 236 184 164 112 115 110 107 110 108 115 169 167 177 167 157 132 136 136 132 127 128 178 236 237 227 204 200 62 218 223 158 199 119 151 152 47 85 219 89 106 95 80 73 64 68 88 57 55 27 22 58 55 57 58 95 65 95 37 41 41 44 51 44 106 76 58 68 71 55 37 41 57 63 72 72 90 63 72 82 
225 231 236 227 226 226 232 232 236 209 219 203 183 133 72 102 23 10 10 7 12 55 30 83 129 166 55 79 123 100 38 38 38 83 83 71 45 62 44 160 76 69 124 63 196 219 192 227 223 184 109 125 130 121 101 107 125 107 115 146 167 167 145 137 161 146 157 128 127 127 125 178 237 236 232 214 55 182 165 123 153 49 175 91 58 181 116 75 92 86 154 52 51 100 45 59 29 29 29 41 44 113 102 73 90 80 71 74 62 42 41 58 58 58 41 50 58 67 71 41 68 73 67 67 67 72 63 82 
224 238 236 236 231 236 236 232 236 224 224 219 153 62 65 83 83 83 83 83 172 113 192 154 208 208 189 226 192 166 83 28 39 12 56 45 80 105 55 74 71 65 161 146 184 184 184 134 121 108 115 108 101 110 108 115 125 130 127 157 158 164 157 145 130 157 137 132 121 115 128 127 164 204 219 224 142 221 219 198 153 129 189 91 111 119 59 74 87 40 83 83 100 154 77 55 39 42 49 69 65 65 100 129 88 87 77 77 63 57 58 63 55 30 57 56 51 63 67 71 63 73 90 82 72 90 96 82 
219 231 227 232 237 236 236 236 232 232 226 212 140 172 124 106 55 56 46 13 36 85 215 209 203 210 219 188 189 150 79 55 100 100 100 113 79 102 49 55 95 73 103 107 109 143 146 121 109 121 137 109 109 101 125 127 127 132 127 138 169 159 167 140 146 137 143 127 110 125 127 125 125 127 137 172 204 215 213 199 153 168 184 94 159 64 39 129 106 106 150 106 79 52 114 165 58 71 41 69 117 106 130 130 172 154 106 123 117 59 37 41 65 69 55 49 45 44 51 41 51 68 96 71 63 98 98 98 
227 232 238 236 236 232 232 238 238 238 235 201 167 145 54 102 86 79 11 18 86 196 227 225 227 226 226 192 202 163 117 39 59 15 28 39 39 74 75 131 70 73 104 146 175 159 161 132 132 128 127 108 107 109 115 146 159 132 157 146 157 167 159 161 146 134 125 128 125 131 157 145 136 132 128 125 138 131 184 167 153 111 93 111 103 140 116 69 106 52 42 58 56 87 71 74 160 154 178 189 154 154 154 106 79 117 141 95 74 116 100 69 67 58 58 58 58 45 42 57 57 63 104 90 96 107 88 82 
232 236 236 231 236 232 237 241 238 238 224 209 181 91 75 153 71 36 41 74 163 190 204 224 204 184 187 208 204 163 64 8 12 24 59 90 72 55 69 95 56 107 161 138 164 177 169 174 174 161 159 127 115 125 132 157 132 136 132 174 169 137 143 138 136 136 132 132 109 136 146 167 174 161 161 161 149 125 127 88 160 188 175 159 102 130 163 149 99 70 71 65 138 95 52 83 124 74 95 45 57 58 74 83 83 172 186 117 113 95 73 45 74 71 45 36 49 55 41 63 63 67 101 103 82 96 99 72 
231 236 231 224 232 236 243 243 236 231 219 194 177 103 131 116 49 45 39 79 175 175 203 216 165 192 219 226 226 183 150 17 13 29 36 69 77 82 63 62 73 107 137 121 121 140 167 181 199 185 189 149 146 169 132 137 143 136 169 161 146 146 174 146 136 138 121 125 158 180 189 189 216 205 195 180 180 165 149 110 114 184 139 153 133 144 112 116 95 80 90 102 93 74 139 90 63 82 100 160 100 177 172 100 100 106 117 74 83 172 197 95 77 77 45 41 52 58 45 56 72 72 82 107 110 82 108 90 
219 231 227 232 236 238 237 236 236 227 201 203 183 143 105 105 58 37 166 54 129 196 216 226 225 225 216 226 216 208 174 154 79 100 100 100 99 87 67 63 98 115 101 109 108 98 105 105 140 198 204 219 216 216 174 159 149 146 180 167 174 157 145 146 169 149 149 165 196 226 231 225 204 181 177 177 169 177 174 145 102 127 129 165 87 74 160 139 80 113 117 176 140 105 87 42 71 49 86 175 170 92 100 105 138 95 65 83 113 79 52 202 160 123 41 52 51 57 63 49 82 73 77 130 139 93 96 110 
219 227 227 232 236 237 238 236 236 231 205 201 173 111 103 71 73 50 100 155 172 117 210 155 208 233 225 224 204 226 155 117 27 48 69 93 65 69 62 73 115 121 101 110 98 80 52 26 59 87 140 198 204 209 195 194 185 169 169 185 177 167 187 185 216 189 216 225 225 204 181 164 140 140 145 167 145 167 177 174 120 107 158 133 102 115 158 165 72 98 135 145 92 114 113 92 100 99 59 70 86 105 163 140 130 130 112 82 82 72 83 113 80 74 62 58 57 73 107 77 73 108 98 131 159 127 110 110 
226 227 232 236 231 237 236 236 236 236 232 194 171 149 99 54 93 69 65 69 71 166 219 204 189 197 208 233 244 184 117 28 27 22 39 58 55 57 67 73 108 108 109 115 125 149 120 55 23 15 44 144 169 186 185 204 195 205 189 216 216 174 212 205 224 199 199 186 181 116 38 22 20 22 87 138 169 145 177 167 127 101 96 130 111 111 149 133 139 112 158 59 74 155 113 176 172 134 117 102 117 100 130 130 123 104 102 102 88 77 49 57 105 95 52 56 106 95 98 82 90 101 98 90 131 159 136 110 
232 231 232 227 227 236 236 231 232 236 238 226 159 174 77 80 58 161 91 69 151 210 210 189 189 215 233 246 204 225 163 154 106 83 39 79 100 59 87 90 101 115 108 125 146 181 174 175 150 55 17 44 140 181 177 174 187 183 221 223 178 219 215 204 193 190 180 159 59 20 39 106 130 161 110 125 159 136 157 159 127 109 99 108 161 117 172 103 74 86 52 55 135 77 44 155 192 100 161 116 144 116 100 175 145 136 137 135 112 98 72 73 82 96 172 92 56 87 88 90 67 96 110 115 125 169 149 137 
231 227 224 232 238 238 231 227 227 236 227 227 174 120 161 71 44 116 97 50 173 208 192 215 215 240 225 192 216 233 227 210 106 155 54 48 44 32 68 73 98 107 108 110 115 143 157 181 140 169 95 17 44 138 169 167 140 169 198 204 209 201 186 180 185 186 173 46 50 106 161 169 169 180 177 180 167 137 145 143 109 109 80 75 120 117 155 175 61 65 74 90 106 151 95 55 52 113 39 74 172 204 172 172 204 215 197 149 159 110 102 100 98 62 41 114 92 67 104 102 108 96 108 110 158 195 167 132 
227 227 232 236 238 236 231 227 236 231 227 219 198 173 134 33 50 79 100 166 210 80 158 189 233 214 175 198 227 227 209 147 33 39 15 5 56 79 90 90 98 101 109 110 146 145 132 125 169 187 159 95 34 44 169 159 131 138 169 186 186 181 180 177 185 159 54 69 161 169 180 164 177 177 181 169 132 121 128 128 109 108 104 82 74 160 120 52 155 150 67 83 71 69 100 160 154 77 141 87 108 131 194 161 149 149 178 172 139 123 99 90 52 67 49 57 74 67 82 105 139 98 98 131 146 177 167 132 
224 227 232 236 236 231 232 236 226 219 227 224 182 171 133 67 116 20 50 165 183 192 227 225 225 192 226 225 210 223 154 192 223 94 57 79 152 31 49 90 107 107 107 121 146 136 149 177 198 174 145 137 95 55 87 167 143 146 169 167 169 174 177 185 180 91 75 158 167 167 140 157 157 157 138 132 125 136 146 112 115 108 91 75 103 65 172 113 52 74 113 79 45 22 87 36 38 83 207 209 106 175 189 165 187 189 180 181 189 213 210 192 150 77 73 77 72 90 92 101 131 120 101 110 132 158 177 159 
227 232 238 236 232 231 225 227 231 212 224 200 196 173 133 87 86 30 166 166 116 189 192 111 189 226 200 186 216 192 189 155 140 94 176 64 43 39 52 87 88 108 121 110 146 177 189 180 173 157 161 137 143 93 65 158 169 167 177 167 164 169 177 177 116 96 143 134 143 145 145 109 127 128 108 125 131 132 127 127 121 125 90 107 106 116 44 52 172 79 56 113 83 113 150 100 113 43 36 114 175 150 175 192 180 169 185 169 174 164 164 112 74 83 172 175 123 88 160 98 107 132 110 115 146 146 169 180 
236 236 236 236 231 224 224 224 231 219 224 195 223 165 93 65 97 75 153 100 105 198 163 117 187 189 189 201 228 203 197 175 216 223 129 166 64 38 50 72 72 107 109 145 149 145 169 161 169 164 146 138 157 134 93 74 138 169 169 167 146 157 169 116 104 146 174 161 149 149 136 149 110 110 115 128 128 109 121 121 109 121 88 160 102 101 95 66 156 66 162 105 76 29 38 113 52 74 160 79 172 199 216 209 203 192 190 174 130 161 167 149 110 95 65 69 105 87 111 123 115 146 145 125 157 161 169 174 
236 231 231 224 227 224 224 227 227 224 224 198 223 181 165 77 37 151 153 96 151 173 184 176 163 187 184 221 232 231 226 196 210 192 163 152 18 28 84 67 129 102 128 125 136 145 127 138 121 138 128 136 132 136 132 95 151 169 177 190 189 185 120 104 137 169 159 161 137 145 132 132 125 110 136 125 130 115 115 109 161 108 106 93 70 65 105 42 124 22 44 113 170 77 45 56 172 197 106 207 216 166 209 224 213 215 197 216 192 189 192 181 164 164 116 128 93 73 82 164 172 175 167 137 167 187 180 167 
232 231 224 227 231 227 227 232 219 224 227 205 216 209 194 93 41 221 173 129 152 62 151 153 182 216 233 236 235 219 215 227 163 196 173 16 79 152 129 166 147 110 110 125 109 131 101 107 121 121 109 132 145 137 125 135 169 177 186 181 186 174 127 136 169 169 146 157 157 167 167 149 137 121 159 115 128 115 109 108 102 160 92 71 118 92 113 35 66 113 35 44 202 226 79 74 183 198 197 52 168 216 170 189 213 215 219 224 225 227 204 184 177 149 88 88 98 72 90 135 110 131 207 165 159 198 174 177 
219 224 227 231 227 232 236 231 226 212 224 201 219 219 171 80 151 200 158 187 139 139 152 175 221 227 238 235 197 192 221 223 152 218 129 233 147 151 155 69 73 100 101 127 121 109 108 115 109 121 109 138 132 137 128 116 96 157 181 177 167 134 125 146 140 128 174 159 134 146 132 137 131 130 121 109 108 101 125 110 172 76 168 76 68 105 55 84 79 35 114 76 24 171 144 153 172 160 176 183 144 215 215 207 213 226 225 212 216 210 197 192 116 105 88 101 99 104 98 158 125 149 157 178 183 177 177 167 
219 224 232 227 224 231 231 231 224 224 219 209 212 181 169 104 135 120 125 177 173 182 175 212 216 238 223 200 197 196 231 210 187 239 242 197 196 153 79 105 92 112 130 101 101 104 109 109 101 107 110 115 109 108 101 98 98 161 167 167 134 107 132 125 131 161 157 128 127 137 167 145 149 127 109 109 115 109 115 109 82 114 52 207 52 87 52 54 168 209 79 74 113 228 215 213 150 26 114 196 188 189 212 216 215 189 204 227 224 219 184 120 88 96 135 98 101 88 101 158 131 157 169 167 181 177 194 167 
224 227 227 232 224 232 231 231 231 224 201 224 194 175 153 111 203 167 103 173 107 200 185 221 225 212 94 139 216 184 223 129 233 155 226 238 231 208 189 147 150 75 150 102 160 184 101 98 98 110 109 101 107 98 101 101 98 131 169 174 112 107 132 128 128 115 130 164 137 132 149 135 132 125 121 131 108 158 149 101 113 92 124 52 160 74 83 93 92 168 221 156 166 223 226 220 165 47 30 114 197 194 207 226 226 224 216 204 225 216 205 174 149 127 128 82 72 72 90 137 131 143 157 167 169 177 193 174 
226 231 236 224 227 236 227 231 227 219 201 212 212 195 171 111 190 165 175 130 178 184 163 152 182 181 161 165 216 196 197 226 191 126 234 230 236 231 94 166 86 166 196 165 152 104 98 96 98 108 109 101 108 101 101 108 98 111 177 164 108 109 132 108 101 107 101 109 125 121 127 136 125 127 110 108 101 101 166 197 62 160 196 114 92 197 79 44 86 123 198 219 92 221 224 227 170 150 39 111 221 226 201 207 213 224 215 184 203 221 227 209 139 102 111 103 72 82 107 139 107 136 169 159 145 177 199 174 
232 232 227 226 232 231 227 227 224 205 189 224 194 209 174 215 186 181 163 146 178 189 152 69 196 197 192 226 207 196 236 184 163 184 216 237 241 240 231 192 184 196 184 176 90 101 104 196 104 104 108 108 101 98 98 101 108 96 171 103 107 109 109 108 107 108 108 109 109 115 125 108 149 125 110 108 107 101 88 74 197 52 168 150 118 176 226 150 151 216 221 200 197 70 182 118 227 228 163 177 221 227 227 224 224 213 225 227 215 209 203 184 197 120 98 115 93 67 96 128 131 157 167 169 167 137 198 174 
227 227 231 227 231 231 227 227 227 209 203 209 195 216 216 200 167 183 198 163 221 173 159 133 87 209 196 194 221 221 200 129 231 198 231 155 230 235 237 226 228 165 166 129 129 142 152 80 82 166 88 104 98 110 98 99 135 118 153 108 107 149 127 108 108 98 101 108 108 115 108 101 160 144 134 104 88 175 96 77 74 197 79 227 176 168 216 230 197 184 207 176 150 124 66 194 209 207 226 216 224 215 219 215 194 204 219 212 163 210 216 190 177 171 107 127 98 90 90 101 132 161 167 169 180 145 187 180 
224 227 224 232 231 224 227 224 224 212 205 203 203 219 227 183 195 195 140 164 198 103 93 88 74 216 224 172 215 242 163 178 224 228 153 151 172 163 240 242 236 228 173 197 226 152 151 90 151 88 96 133 104 134 98 142 134 118 120 123 110 171 109 130 112 130 98 108 115 161 108 110 107 121 115 178 92 118 165 98 74 176 199 226 207 150 221 236 239 153 94 160 218 107 42 76 168 204 213 225 214 192 227 219 210 212 224 232 223 202 204 192 192 169 174 137 103 98 82 107 143 177 159 137 177 167 180 177 
227 227 232 227 224 227 227 224 216 219 224 219 224 212 219 174 174 183 130 115 182 99 49 104 129 227 184 192 226 228 183 182 236 197 228 54 151 228 230 231 238 230 226 228 210 142 171 133 183 71 151 82 133 129 86 152 133 111 120 183 120 160 161 101 131 120 135 150 108 131 120 107 160 161 101 102 171 87 210 197 150 114 176 214 220 230 226 221 237 220 63 152 202 171 124 179 151 210 214 204 195 225 198 194 204 204 202 204 224 165 157 139 157 172 165 121 108 88 82 131 128 157 159 109 131 169 174 167 
227 232 227 227 224 231 224 203 219 198 219 219 224 198 171 158 185 215 180 103 169 95 106 104 176 200 196 189 231 210 197 233 200 221 215 226 223 155 228 182 223 232 245 224 228 196 175 208 209 92 179 196 103 179 151 129 103 196 158 134 82 111 158 101 171 120 96 171 101 135 160 107 137 221 120 207 170 92 207 207 221 175 228 236 230 213 225 220 207 207 92 81 39 207 170 195 166 153 168 188 172 181 199 199 132 110 135 161 189 194 109 128 128 112 105 109 109 98 96 136 127 146 174 132 136 177 134 125 
219 231 227 224 227 224 219 227 212 199 209 219 226 209 149 187 172 187 171 109 153 159 144 182 94 183 204 226 210 209 219 228 158 223 219 209 153 168 216 228 182 235 236 236 241 235 227 236 206 129 214 152 197 197 223 203 129 209 189 158 98 151 140 153 182 120 96 183 102 168 178 165 120 126 197 162 162 218 196 214 237 235 212 225 231 197 207 227 151 176 225 76 6 66 227 223 183 197 175 226 177 192 192 215 192 192 189 175 204 176 150 102 112 110 98 101 108 125 107 159 136 145 158 159 127 143 132 145 
212 224 226 231 224 224 219 224 199 187 204 224 224 203 164 153 182 181 146 161 171 146 159 164 175 152 196 213 163 198 223 170 213 184 196 200 129 221 237 226 231 207 237 243 243 231 232 235 223 217 221 175 221 198 171 200 182 228 218 221 175 221 188 220 217 197 129 216 111 118 148 214 174 118 232 197 207 221 227 237 216 214 230 213 232 162 162 207 209 179 74 172 92 151 163 189 189 175 180 178 226 212 224 215 215 224 204 181 194 163 218 159 132 101 98 115 132 101 110 137 131 143 131 177 125 146 145 159 
219 224 219 219 224 219 215 194 174 189 224 219 224 194 189 165 219 159 182 171 185 187 134 111 187 130 181 152 144 228 203 228 207 213 216 192 184 226 241 207 171 200 172 178 225 231 221 227 214 221 227 221 231 207 187 224 224 200 228 221 224 228 206 219 221 231 216 207 148 183 156 228 214 224 224 232 213 227 229 230 227 231 178 215 224 226 118 118 216 221 42 160 170 61 66 118 183 161 174 125 230 205 189 185 204 190 161 198 184 164 178 103 96 88 107 98 96 98 136 132 98 157 137 169 167 134 158 180 
224 219 201 203 224 215 210 194 187 231 219 219 193 183 177 198 199 174 173 182 205 173 158 174 173 121 111 123 178 163 184 184 206 226 225 188 196 241 229 196 178 94 64 217 221 194 221 189 163 232 188 227 223 182 200 205 227 224 223 216 216 228 221 232 224 232 221 151 197 197 179 218 228 223 198 236 231 202 236 228 214 223 209 168 223 168 78 84 168 206 92 114 209 181 100 171 204 201 195 174 178 227 194 163 172 149 110 159 149 121 111 120 88 105 98 82 82 136 131 120 107 138 145 138 171 108 131 167 
212 200 185 219 219 216 219 186 221 219 204 203 223 159 187 198 212 195 165 204 199 103 157 158 120 74 103 165 208 155 182 175 224 223 216 228 221 236 237 171 179 129 208 242 200 89 228 232 214 223 178 226 194 221 134 164 200 194 199 184 225 223 221 228 227 227 206 178 235 200 200 218 207 209 158 213 231 120 230 229 182 202 226 152 168 118 156 24 52 204 214 61 144 173 175 207 226 209 174 186 189 228 192 189 175 175 187 171 138 149 130 88 101 90 101 98 88 96 131 120 107 131 132 125 169 149 98 88 
193 183 198 219 219 212 209 203 205 205 185 221 194 167 185 187 201 212 183 174 200 130 101 169 91 75 135 210 147 102 183 152 207 226 224 203 221 235 228 189 219 223 207 231 171 221 245 234 225 220 175 200 158 200 134 140 173 173 186 142 187 153 221 231 178 204 186 178 194 200 198 168 178 219 120 178 209 156 168 224 126 140 207 78 65 162 217 156 56 66 223 171 170 182 164 216 227 195 212 212 224 226 197 149 195 181 207 139 139 140 112 77 82 88 101 124 63 96 121 112 96 107 145 132 157 159 98 72 
203 219 219 193 212 201 177 194 203 209 185 198 209 174 180 177 201 193 174 159 180 112 161 134 103 151 228 155 85 151 147 86 196 224 194 226 237 224 238 236 231 197 232 227 189 207 177 124 196 223 187 116 111 171 107 109 140 159 181 187 183 159 207 223 182 134 144 178 183 200 218 182 140 198 183 98 168 209 74 230 226 92 91 113 68 168 118 214 124 76 182 84 170 176 171 207 210 192 189 181 169 198 210 194 174 161 161 130 146 102 113 80 72 82 101 88 73 107 120 102 96 109 127 115 143 99 107 110 
224 194 177 226 194 186 185 203 212 209 195 203 194 185 195 203 183 186 178 134 187 174 173 98 86 166 153 86 134 179 75 164 194 214 227 224 231 228 221 231 227 236 231 221 209 221 187 192 178 192 163 118 163 166 128 101 104 116 143 158 134 157 178 173 182 139 138 158 174 197 218 182 153 168 200 73 100 227 156 217 223 156 77 168 124 74 183 224 133 100 151 148 183 200 172 120 194 184 204 209 189 120 96 140 95 67 105 87 115 99 101 62 63 72 96 139 67 111 103 157 132 88 115 96 128 127 130 121 
219 195 204 204 195 215 186 186 198 201 205 193 195 212 216 205 194 187 199 158 190 181 134 87 111 142 89 68 86 89 96 118 189 224 204 221 232 227 237 231 238 236 238 236 226 233 219 175 210 204 212 123 202 133 86 149 116 104 158 184 105 139 178 153 144 120 139 182 188 194 179 181 160 74 209 77 86 218 209 164 156 168 92 118 118 76 168 227 124 77 158 209 174 187 172 171 207 165 198 186 186 164 130 161 149 130 130 95 107 108 110 98 67 72 72 138 67 82 96 131 174 108 115 88 96 115 127 108 
177 177 181 185 186 187 186 187 201 201 194 209 212 212 219 201 209 181 183 158 199 183 93 82 144 142 78 73 111 87 75 151 89 200 198 174 238 232 231 232 236 237 236 232 238 236 231 223 144 196 210 112 99 129 134 104 106 107 153 98 102 109 182 142 134 139 130 182 158 178 223 179 114 92 207 160 52 168 178 213 209 126 160 118 124 168 176 221 216 176 192 221 197 198 150 139 118 194 105 164 177 183 120 158 108 82 88 96 112 67 107 102 62 72 72 132 93 73 90 96 164 103 125 90 73 107 146 110 
164 187 216 173 177 177 183 187 205 203 216 215 205 219 194 203 194 187 194 187 169 199 103 98 158 140 61 96 80 85 152 40 123 159 189 221 235 227 227 236 236 236 235 237 238 238 226 226 228 194 219 216 216 180 102 187 116 151 103 110 165 111 182 120 160 108 160 181 158 125 214 147 95 171 168 148 150 75 148 225 214 118 92 160 209 175 198 226 235 219 183 210 224 195 224 171 127 189 82 121 111 157 137 140 120 77 90 101 80 67 108 80 62 56 90 159 91 111 103 72 82 88 96 130 88 70 96 88 
216 209 164 159 158 190 186 186 219 212 209 205 201 194 193 219 190 190 180 181 137 181 136 120 133 96 70 68 106 116 29 36 89 175 225 221 212 219 227 236 226 227 227 241 242 227 236 236 227 232 224 224 209 209 187 175 151 171 175 180 179 182 158 120 182 110 189 171 164 197 219 159 197 182 123 215 183 118 197 114 224 148 159 123 230 226 224 232 236 216 199 194 183 204 209 170 149 207 71 107 90 160 128 93 112 98 82 82 67 67 96 62 62 36 74 103 108 151 103 72 67 67 72 101 80 42 44 58 
204 163 169 146 187 186 187 201 199 212 209 201 190 120 187 204 185 186 171 158 146 174 157 136 103 58 86 166 86 81 36 45 116 115 118 201 174 219 232 236 231 232 236 238 224 236 238 238 232 227 231 219 227 224 216 190 216 194 216 216 209 228 178 142 182 185 219 216 203 209 204 183 221 216 226 227 219 175 209 118 224 214 216 216 232 237 214 224 238 231 183 198 197 164 207 120 164 198 86 77 99 107 138 102 96 112 77 108 67 62 68 71 57 41 58 108 111 169 103 62 49 56 77 49 72 45 29 37 
175 167 180 169 174 180 173 169 187 181 201 180 185 174 203 195 180 149 145 146 159 167 143 137 103 50 99 111 116 160 49 51 85 88 158 164 91 218 235 232 231 232 238 227 236 237 238 238 236 236 236 227 227 227 224 227 227 219 231 231 216 224 221 194 221 226 224 227 219 212 189 226 232 232 232 224 224 223 219 215 221 232 236 227 236 227 236 224 227 238 209 188 188 190 157 172 134 178 134 62 87 67 87 74 105 87 82 67 49 49 68 71 68 45 63 103 96 139 58 67 49 90 101 62 51 42 37 29 
167 177 159 157 187 180 167 185 177 180 169 177 187 219 194 183 180 120 125 161 174 121 109 139 90 97 67 96 62 74 56 80 25 120 81 100 94 228 204 227 227 236 235 232 238 238 238 236 232 236 236 232 238 236 227 227 232 231 224 224 221 224 232 226 232 227 224 226 224 216 231 232 232 227 224 227 224 226 226 232 236 238 238 231 237 236 231 231 224 230 219 183 180 198 120 105 124 111 134 77 57 49 56 71 51 58 63 57 62 41 63 63 56 51 73 72 73 157 62 58 57 58 42 63 57 57 57 41 
146 173 157 161 173 167 158 185 185 180 169 187 203 219 209 169 177 171 128 182 183 139 131 103 82 90 62 115 71 80 75 103 65 124 46 97 196 147 198 231 232 236 232 237 238 236 236 231 236 238 236 238 237 236 232 236 237 238 226 226 216 204 227 236 231 231 231 231 227 226 232 231 231 231 236 236 232 236 231 232 232 236 236 232 231 237 235 227 221 227 200 181 159 181 112 88 107 128 88 62 58 41 37 49 32 20 49 63 62 32 41 57 56 45 97 51 75 131 93 56 62 42 36 58 51 42 58 51 
164 131 159 158 177 167 177 177 174 167 169 187 188 224 209 169 174 169 120 140 180 120 99 111 134 74 110 110 72 45 56 68 99 111 61 85 191 111 188 227 236 223 232 237 236 238 236 237 238 237 236 236 238 236 238 236 237 236 231 236 231 226 227 231 231 225 232 236 238 236 237 231 236 231 238 236 236 236 236 227 231 231 227 232 232 231 231 227 221 224 199 146 178 153 107 71 98 98 77 37 41 37 29 49 32 18 51 75 91 32 36 73 63 62 49 37 68 80 91 58 62 32 29 37 36 29 41 42 
