254 254 254 254 254 254 254 254 254 254 254 254 254 254 254 254 254 254 254 254 254 254 254 254 254 254 254 254 254 254 254 254 254 254 254 254 254 254 254 254 254 254 254 254 254 254 254 254 254 254 254 254 254 254 254 254 254 254 254 254 254 254 254 254 254 254 254 254 254 254 254 254 254 254 254 254 254 254 254 254 254 254 254 254 254 254 254 254 254 254 254 254 254 254 254 254 254 254 254 254 254 254 254 254 254 254 254 254 254 254 254 254 254 252 250 252 252 250 250 250 250 250 250 249 249 249 248 248 
254 254 254 254 254 254 254 254 254 254 254 254 254 254 254 254 254 254 254 254 254 254 254 254 254 254 254 254 254 254 254 254 254 254 254 254 254 254 254 254 254 254 254 254 254 254 254 254 254 254 254 254 254 254 254 254 254 254 254 254 254 254 254 254 254 254 254 254 254 254 254 254 254 254 254 254 254 254 254 254 254 254 254 254 254 254 254 254 254 254 254 254 254 254 254 254 254 254 254 254 254 254 254 254 254 254 254 254 252 252 252 252 252 252 252 252 250 250 250 250 249 249 250 250 249 249 248 248 
254 254 254 254 254 254 254 254 254 254 254 254 254 254 254 254 254 254 254 254 254 254 254 254 254 254 254 254 254 254 254 254 254 254 254 254 254 254 254 254 254 254 254 254 254 254 254 254 254 254 254 254 254 254 254 254 254 254 254 254 254 254 254 254 254 254 254 254 254 254 254 254 254 254 254 254 254 254 254 254 254 254 254 254 254 254 254 254 254 254 254 254 254 254 254 254 254 254 254 254 254 254 254 254 254 254 254 254 254 252 252 252 252 252 252 252 250 250 250 250 250 250 250 250 250 249 248 248 
254 254 254 254 254 254 254 254 254 254 254 254 254 254 254 254 254 254 254 254 254 254 254 254 254 254 254 254 254 254 254 254 254 254 254 254 254 254 254 254 254 254 254 254 254 254 254 254 254 254 254 254 254 254 254 254 254 254 254 254 254 254 254 254 254 254 254 254 254 254 254 254 254 254 254 254 254 254 254 254 254 254 254 254 254 254 254 254 254 254 254 254 254 254 254 254 254 254 254 254 254 254 254 254 254 254 254 254 254 252 254 252 254 254 252 252 250 250 250 250 250 250 250 249 249 249 249 248 
254 254 254 254 254 254 254 254 254 254 254 254 254 254 254 254 254 254 254 254 254 254 254 254 254 254 254 254 254 254 254 254 254 254 254 254 254 254 254 254 254 254 254 254 254 254 254 254 254 254 254 254 254 254 254 254 254 254 254 254 254 254 254 254 254 254 254 254 254 254 254 254 254 254 254 254 254 254 254 254 254 254 254 254 254 254 254 254 254 254 254 254 254 254 254 254 254 254 254 254 254 254 254 254 254 252 254 254 252 252 252 252 252 252 250 250 250 250 250 250 249 249 249 248 248 248 248 248 
254 254 254 254 254 254 254 254 254 254 254 254 254 254 254 254 254 254 254 254 254 254 254 254 254 254 254 254 254 254 254 254 254 254 254 254 254 254 254 254 254 254 254 254 254 254 254 254 254 254 254 254 254 254 254 254 254 254 254 254 254 254 254 254 254 254 254 254 254 254 254 254 254 254 254 254 254 254 254 254 254 254 254 254 254 254 254 254 254 254 254 254 254 254 254 254 254 254 254 254 254 254 254 252 252 252 252 252 252 250 252 250 250 250 250 250 249 249 249 249 249 248 248 248 248 248 245 245 
254 254 254 254 254 254 254 254 254 254 254 254 254 254 254 254 254 254 254 254 254 254 254 254 254 254 254 254 254 254 254 254 254 254 254 254 254 254 254 254 254 254 254 254 254 254 254 254 254 254 254 254 254 254 254 254 254 254 254 254 254 254 254 254 254 254 254 254 254 254 254 254 254 254 254 254 254 254 254 254 254 254 254 254 254 254 254 254 254 254 254 254 254 254 254 254 254 254 254 254 254 252 252 252 252 252 252 252 250 250 250 250 250 250 249 249 249 249 249 249 248 248 248 248 248 245 245 243 
254 254 254 254 254 254 254 254 254 254 254 254 254 254 254 254 254 254 254 254 254 254 254 254 254 254 254 254 254 254 254 254 254 254 254 254 254 254 254 254 254 254 254 254 254 254 254 254 254 254 254 254 254 254 254 254 254 254 254 254 254 254 254 254 254 254 254 254 254 254 254 254 254 254 254 254 254 254 254 254 254 254 254 254 254 254 254 254 254 251 251 251 254 254 254 254 254 252 251 252 251 252 250 250 250 249 250 250 249 250 249 249 246 246 246 246 246 246 246 246 246 237 225 225 225 225 225 225 
251 254 254 251 251 254 254 254 254 254 254 254 254 254 254 254 254 254 254 254 254 254 254 254 254 254 254 254 254 254 254 254 254 254 254 254 254 254 252 254 254 254 254 254 254 254 254 254 254 254 254 254 254 254 254 254 254 254 254 254 254 254 251 251 251 251 251 251 251 251 251 251 251 251 251 251 251 251 251 251 246 246 246 246 237 236 231 231 231 227 227 227 227 231 231 225 225 224 224 224 224 227 231 227 224 224 227 227 224 225 224 224 224 224 224 224 224 224 224 224 224 224 219 219 219 219 219 219 
224 224 231 224 227 231 231 237 231 237 237 237 236 231 237 237 237 246 252 254 254 254 252 252 252 250 250 250 250 250 250 250 250 250 250 250 250 250 250 250 249 249 250 249 249 250 249 249 249 248 248 246 246 246 246 241 245 241 241 241 246 241 246 241 241 241 246 241 237 241 241 237 236 236 236 237 236 236 236 231 231 227 227 227 227 227 227 224 224 224 224 224 224 224 224 219 224 224 224 224 219 219 219 212 212 212 219 219 212 212 205 212 212 212 212 212 219 219 212 219 219 219 219 219 219 219 212 219 
226 226 226 226 232 232 226 226 226 226 224 227 227 227 227 227 227 227 231 237 237 237 246 246 246 246 248 248 248 248 248 249 249 249 249 249 248 248 248 248 249 249 249 248 246 241 241 238 238 238 236 236 236 231 236 236 236 231 231 231 231 232 232 236 236 236 231 236 236 231 231 231 231 231 227 227 227 227 227 227 227 227 227 224 227 224 227 224 224 224 219 224 219 224 224 224 219 224 219 219 212 212 212 216 219 212 212 212 212 212 205 205 205 205 205 212 205 205 205 205 212 212 212 212 219 212 212 205 
225 225 227 227 231 236 236 236 238 236 236 238 238 236 236 232 232 232 236 236 232 232 232 227 227 231 236 246 246 248 249 249 248 243 243 245 245 243 241 241 237 238 238 238 236 236 236 236 231 231 232 231 227 227 231 232 232 232 231 236 236 236 231 231 227 227 227 227 227 227 227 227 227 227 227 227 227 224 224 224 224 224 224 224 224 224 226 226 226 224 226 226 226 226 224 224 224 224 219 219 219 212 212 219 219 219 219 219 212 219 219 212 212 212 212 212 212 205 195 195 201 199 204 204 212 199 199 201 
212 205 219 219 219 224 224 224 225 225 225 225 225 225 225 225 225 231 238 238 238 236 236 238 238 236 232 227 225 210 210 225 234 234 225 231 225 231 231 231 227 227 227 227 227 224 227 227 227 224 227 224 224 224 224 227 225 225 225 231 227 227 227 232 232 232 232 232 232 232 232 232 232 232 232 232 232 232 232 232 232 232 232 236 236 236 236 236 236 231 231 231 231 227 227 224 224 224 219 219 219 219 219 224 219 219 219 219 212 212 212 212 193 205 212 199 204 204 199 201 199 205 195 185 190 185 180 180 
155 164 204 204 184 199 204 212 212 194 198 190 181 177 167 164 140 178 184 164 184 184 204 204 210 204 181 186 177 180 180 180 177 180 186 198 186 199 181 184 181 200 164 184 204 184 204 204 215 219 219 219 212 224 215 224 212 219 212 212 205 205 212 219 225 225 225 227 225 236 241 231 231 231 231 227 227 227 227 227 227 227 227 227 227 224 227 224 224 224 219 219 219 219 219 224 224 219 219 212 219 219 224 212 219 219 219 219 219 219 219 212 205 199 181 186 195 190 185 193 187 186 180 180 180 186 181 186 
72 161 195 192 192 201 195 201 201 195 195 195 195 192 192 192 195 195 195 189 175 174 180 185 180 180 185 185 185 185 185 185 185 185 185 185 185 185 175 175 175 149 149 165 149 135 149 165 169 177 186 174 167 198 215 224 210 200 210 184 164 184 164 164 181 164 164 181 169 198 219 225 219 219 212 219 219 219 219 212 212 210 219 212 212 212 212 212 205 212 205 203 205 193 212 219 224 209 201 204 201 205 199 199 186 181 186 204 198 212 212 193 181 167 149 145 167 157 164 181 181 181 177 174 177 169 177 169 
58 38 114 186 193 186 186 193 190 193 193 193 190 190 195 193 195 201 201 201 201 195 195 205 204 204 224 224 224 224 224 227 224 224 224 224 224 224 224 224 224 224 226 226 226 226 226 226 226 226 226 226 226 226 231 219 184 202 202 200 181 192 192 192 183 88 98 115 137 164 190 181 215 212 205 205 212 205 205 195 195 201 195 201 201 205 201 201 195 193 204 198 199 186 190 186 186 180 177 177 177 193 185 190 174 169 174 174 169 177 177 169 177 159 167 167 169 180 180 174 149 145 137 128 128 137 137 164 
51 29 75 185 190 190 190 190 190 190 195 195 190 193 193 193 195 201 195 201 205 201 205 205 205 205 205 212 204 219 224 224 227 227 227 227 227 227 227 224 224 224 224 227 224 224 224 224 227 227 227 227 227 227 227 171 101 115 101 128 88 101 140 134 132 130 98 98 115 107 159 131 138 181 204 181 198 205 205 201 199 198 201 201 199 194 186 185 186 180 180 185 185 180 185 169 185 174 174 177 169 190 190 187 186 199 164 186 186 186 190 186 177 180 174 169 169 180 174 180 180 177 174 159 136 143 125 125 
51 20 56 149 149 149 165 149 165 165 165 165 165 165 163 163 163 163 163 177 164 177 163 177 164 164 164 164 181 164 181 184 184 184 184 184 184 184 184 184 140 184 204 204 184 164 204 164 178 204 204 204 204 204 204 153 88 101 108 98 88 88 88 88 101 88 131 139 107 120 131 109 125 127 101 101 121 164 164 193 203 205 190 186 186 180 177 177 177 185 186 180 164 181 181 177 169 167 169 181 167 169 177 177 185 159 146 177 169 159 167 157 146 167 157 167 174 157 145 146 169 167 167 145 161 192 192 169 
57 20 56 186 181 177 181 198 201 190 186 201 215 199 205 199 188 172 172 164 140 164 164 116 164 116 116 172 172 164 105 116 172 164 184 184 184 172 164 164 164 164 140 146 165 149 167 137 169 186 190 193 199 164 134 88 82 90 103 88 72 102 77 90 104 90 131 128 121 115 131 136 108 98 107 108 108 90 96 157 140 144 140 164 157 157 134 138 140 167 164 140 157 169 167 169 169 159 157 157 157 167 169 169 169 169 169 167 169 177 174 177 169 169 169 169 167 169 167 157 157 157 140 140 157 157 143 145 
59 59 59 100 88 87 67 111 117 163 149 110 125 123 132 146 161 149 161 161 161 174 175 175 175 161 149 175 149 161 161 175 175 180 180 185 190 185 185 174 175 161 131 181 169 177 174 138 177 164 177 177 187 192 159 135 161 161 180 175 161 159 167 177 174 120 107 137 143 161 102 88 131 161 149 125 110 125 108 101 98 98 98 136 192 181 139 102 135 132 101 115 128 128 128 128 140 157 159 127 128 137 128 140 134 107 138 134 109 144 134 164 177 134 128 128 121 140 128 87 101 121 130 110 109 88 131 134 
20 20 20 44 52 96 101 131 134 128 140 127 109 115 115 121 143 125 137 177 181 199 203 216 216 205 195 195 216 186 195 195 195 195 195 195 195 190 186 190 181 167 137 128 131 131 164 88 105 121 137 132 132 110 136 128 115 131 174 169 180 174 174 177 177 174 149 167 167 159 167 146 137 138 140 181 159 137 157 185 192 175 175 175 149 128 128 157 140 134 130 145 110 98 88 88 88 88 128 121 121 103 98 107 139 110 125 103 82 96 110 98 131 134 99 101 90 82 82 90 102 110 101 125 108 90 107 88 
10 10 10 10 22 56 82 90 88 88 72 82 88 88 98 88 87 109 115 121 88 105 116 164 172 181 172 204 153 101 105 105 164 164 164 184 164 140 120 88 98 98 102 102 102 98 88 82 90 82 98 88 105 109 99 88 88 115 140 140 164 164 181 180 159 157 167 157 138 136 137 138 137 157 145 130 127 135 146 146 137 128 137 164 120 98 98 105 112 88 98 137 121 107 121 139 130 135 125 110 90 82 82 96 125 138 137 139 123 123 110 102 111 120 88 72 88 88 87 101 128 90 90 130 149 130 130 130 
10 10 14 28 55 63 82 96 72 67 63 63 67 72 82 82 72 88 101 123 106 123 123 123 123 123 102 131 103 90 77 77 77 86 132 149 149 135 175 175 175 195 203 216 216 195 195 195 189 175 175 150 123 82 82 82 82 88 82 96 130 136 157 169 159 131 145 138 127 107 132 143 137 128 137 137 132 121 128 121 128 130 101 121 134 112 108 98 101 88 88 105 88 96 110 115 107 137 121 128 140 116 98 121 112 101 87 101 144 164 105 105 108 107 112 109 112 77 67 73 96 90 82 88 131 128 128 105 
15 10 14 24 62 63 67 74 67 67 67 65 65 77 86 102 95 123 135 169 180 185 185 185 185 186 185 180 180 181 181 177 164 164 137 169 167 137 186 199 193 201 205 201 201 205 212 212 219 216 216 219 197 123 82 72 72 67 77 88 101 107 137 140 112 161 134 109 107 128 125 127 128 127 121 115 132 101 110 109 101 101 131 121 115 110 98 104 72 63 82 72 67 72 88 103 88 115 115 88 82 67 72 82 88 67 67 72 88 67 63 67 96 90 112 88 74 105 88 67 67 82 88 88 107 125 91 67 
10 14 14 24 51 65 77 106 106 123 149 99 88 105 167 169 177 177 177 185 186 186 186 186 186 190 190 185 180 174 161 143 103 101 101 140 145 158 187 190 195 185 190 193 195 201 193 181 184 164 164 164 204 199 120 101 67 63 82 88 72 88 88 101 115 125 112 110 115 127 101 101 112 107 101 88 101 105 121 121 98 82 107 112 96 107 93 107 90 62 72 72 73 77 77 77 77 77 72 67 63 63 63 67 67 67 67 67 67 63 63 63 67 88 72 72 65 88 67 57 58 67 57 67 87 116 88 109 
14 20 15 25 93 133 140 157 167 167 133 51 58 63 88 105 167 167 169 169 167 169 167 169 169 177 180 185 186 180 186 159 103 98 88 107 109 158 185 185 186 181 186 173 164 116 105 87 86 123 123 175 174 192 192 192 150 77 72 72 73 90 90 102 98 87 88 96 112 88 82 82 88 73 72 72 82 82 101 82 98 90 82 107 88 88 103 82 88 135 175 161 180 180 180 185 185 190 190 190 175 175 175 175 175 175 175 175 175 175 150 154 154 154 123 123 77 57 51 49 49 57 57 57 63 67 67 72 
10 15 15 44 62 72 73 131 145 128 128 93 51 51 58 67 105 105 140 167 167 169 177 169 169 177 169 180 177 180 153 88 96 130 95 82 90 88 144 116 87 86 157 149 123 123 123 161 177 177 180 185 180 185 190 185 190 174 95 77 67 67 67 87 128 72 90 110 108 115 82 72 72 72 67 67 67 72 88 88 72 98 112 90 82 73 98 86 129 177 185 190 195 190 186 186 195 181 181 181 181 181 186 173 164 164 181 181 186 186 186 186 186 186 204 204 204 192 192 150 79 77 72 67 72 67 67 65 
10 18 18 25 62 87 67 72 88 101 82 67 45 36 58 58 67 82 72 158 169 167 167 157 169 177 177 177 177 167 91 63 72 133 70 63 74 160 174 161 174 180 180 169 177 177 177 177 180 177 180 185 185 190 190 195 205 205 205 216 197 150 123 77 67 67 72 98 107 140 120 104 123 65 62 63 107 130 130 123 130 130 161 165 102 128 127 105 146 173 163 140 164 164 138 146 164 140 157 132 102 110 137 116 131 99 87 128 158 164 164 140 105 105 140 164 164 105 140 116 116 87 67 74 67 58 67 67 
14 15 18 50 62 49 63 57 63 72 72 72 51 37 51 41 63 90 104 137 80 70 87 70 74 131 99 72 72 67 67 72 73 99 82 82 72 111 186 185 185 186 185 174 185 180 180 187 189 189 195 216 216 215 215 219 219 219 204 219 204 219 212 212 183 93 82 82 88 88 101 88 96 143 110 90 130 115 138 164 140 133 140 177 164 99 140 130 164 133 105 103 87 82 88 105 87 73 131 167 125 98 138 95 130 139 136 138 157 169 174 161 77 95 95 77 72 82 95 95 77 95 106 106 106 106 106 106 
14 14 15 44 47 29 42 42 58 62 67 73 98 71 71 65 104 110 88 105 80 45 44 58 100 100 68 130 104 95 77 51 57 51 63 67 67 74 158 186 185 180 181 186 204 171 121 198 204 164 172 184 172 181 199 186 186 186 180 186 185 201 201 201 190 124 63 77 67 67 67 102 73 140 167 77 74 82 74 70 74 93 96 140 80 87 131 88 131 62 63 72 67 51 63 62 63 74 96 108 108 101 127 134 88 111 99 87 131 128 107 99 74 105 130 77 90 90 98 80 58 74 133 105 140 87 87 105 
10 18 18 25 71 192 154 79 79 79 77 102 102 93 58 51 75 67 62 63 42 51 24 42 26 26 44 116 74 87 112 51 49 51 42 63 72 72 107 164 169 116 105 105 158 153 72 107 80 58 58 67 87 105 177 173 164 180 180 190 193 199 201 199 184 116 130 149 93 57 58 82 98 101 98 91 63 82 71 57 63 82 73 88 62 57 74 88 105 93 57 82 73 51 68 67 51 57 68 88 112 88 138 80 67 82 77 106 130 131 107 130 120 88 82 70 73 110 73 90 96 108 73 77 63 67 67 65 
23 10 15 50 71 212 212 219 215 212 205 212 209 54 51 74 105 172 173 100 71 57 37 41 45 41 75 161 71 57 58 57 57 37 37 49 100 100 112 88 88 87 82 72 82 72 63 73 77 65 77 57 63 67 105 101 125 133 112 128 128 140 172 173 70 73 90 131 175 149 77 82 67 68 115 130 77 72 80 57 73 96 103 72 57 51 58 104 149 98 51 58 73 95 90 88 67 57 72 99 144 99 70 57 63 73 105 128 158 120 95 72 58 58 58 72 74 105 125 130 161 161 161 175 161 106 123 123 
72 23 10 25 82 212 212 205 215 201 195 199 152 29 29 49 37 42 58 55 42 42 36 41 49 51 75 157 59 63 71 58 74 82 69 77 63 52 63 82 63 63 67 67 82 99 71 72 67 67 67 87 82 72 88 100 91 63 87 101 103 63 74 97 67 63 73 105 105 105 70 82 72 96 109 101 101 98 67 57 67 73 88 88 62 41 56 80 144 134 72 57 58 67 51 51 49 57 67 67 77 77 55 68 74 58 87 70 58 87 91 49 49 57 49 57 90 107 74 87 128 144 177 173 105 172 190 193 
98 71 55 25 110 70 70 70 70 74 172 164 70 55 55 52 45 37 36 63 55 30 30 37 20 20 50 123 45 29 29 29 36 42 42 59 36 42 67 67 58 58 73 67 72 62 37 49 51 58 58 57 63 57 58 51 57 57 51 58 88 82 57 67 57 57 73 71 51 41 41 49 58 67 82 82 90 96 133 49 72 67 67 63 73 150 71 67 104 77 82 90 106 208 192 192 195 195 153 82 105 105 87 72 51 37 42 51 41 51 49 37 36 42 51 58 74 93 63 71 88 67 100 153 63 96 195 201 
98 99 82 86 150 79 79 39 39 23 37 51 51 41 49 63 63 67 82 90 65 67 51 58 41 20 75 167 71 55 55 55 55 39 49 57 55 37 49 49 51 41 42 42 42 42 29 36 42 41 41 42 41 49 57 45 49 57 41 42 42 58 62 57 51 42 42 42 41 58 67 51 49 57 62 58 58 87 59 49 67 63 51 57 67 114 91 63 86 80 67 82 74 198 173 105 116 164 88 72 67 63 67 62 42 41 37 49 37 41 42 32 29 37 41 41 58 68 67 63 51 51 58 67 49 96 198 200 
96 98 95 105 210 204 116 87 70 63 62 45 49 90 72 72 63 63 77 73 63 51 51 49 58 41 68 140 69 55 39 55 55 57 57 57 51 57 37 37 50 37 29 29 29 37 29 29 37 29 29 37 36 37 42 37 41 63 57 45 49 58 58 51 37 37 37 37 41 37 41 63 49 65 105 164 100 106 95 65 67 49 49 69 57 51 58 106 106 123 95 90 110 144 91 57 57 67 67 63 57 49 57 63 37 36 37 37 37 29 41 29 20 29 36 41 49 51 49 57 51 41 41 63 90 67 114 91 
42 68 101 107 131 177 150 67 63 77 72 65 69 71 57 65 71 87 80 72 51 45 29 29 29 29 29 58 114 164 180 185 190 185 186 164 164 105 160 180 180 161 161 106 106 175 150 106 79 79 55 23 29 29 37 41 49 67 77 77 49 73 57 69 55 49 63 51 29 36 37 49 49 57 67 100 90 110 110 77 82 73 98 102 77 65 65 100 105 87 70 58 74 87 72 82 63 63 51 49 57 49 58 63 37 29 29 41 37 37 49 41 29 29 41 57 73 71 57 74 86 55 69 95 106 95 106 106 
49 52 104 121 112 105 139 130 105 128 93 58 58 71 58 87 72 45 58 63 63 42 29 29 50 37 29 36 41 67 105 181 181 190 91 51 58 63 74 87 87 169 180 140 174 177 116 72 100 177 177 174 106 79 39 55 57 57 168 171 62 58 42 42 51 37 41 37 29 29 29 41 41 51 49 58 70 105 130 149 123 149 146 161 161 161 139 130 121 99 67 57 82 88 63 67 62 41 42 36 51 49 58 49 37 37 29 36 41 55 65 90 90 90 110 110 130 110 130 130 157 157 157 157 157 157 167 157 
41 57 58 121 138 134 110 112 98 65 42 58 98 82 62 41 68 62 49 51 51 41 57 55 55 45 37 36 37 49 49 67 58 105 59 36 41 42 58 45 22 42 58 114 172 133 72 72 90 158 185 185 185 180 180 185 174 150 95 80 37 29 29 29 29 29 36 37 37 29 29 41 41 37 36 49 63 96 110 110 99 135 159 128 105 105 105 105 101 80 42 42 58 58 63 51 51 37 37 29 37 37 36 41 49 55 55 77 90 110 110 110 99 87 149 146 145 133 134 140 138 161 169 169 169 169 159 145 
51 42 51 74 142 137 110 98 99 130 77 41 68 82 88 62 65 72 57 57 68 71 63 72 72 62 41 36 57 45 36 42 37 49 37 29 29 20 36 36 15 10 10 18 20 41 63 58 67 87 105 172 186 199 186 199 195 185 189 174 112 95 23 20 29 20 29 29 29 29 36 36 57 45 29 41 41 57 104 145 130 137 137 137 140 121 139 95 98 72 62 29 29 36 58 42 29 37 37 36 63 71 62 37 65 74 100 121 121 87 87 137 101 130 157 105 128 103 71 82 73 107 105 105 157 157 145 120 
71 49 57 51 74 137 149 108 98 98 90 72 82 80 42 42 73 82 77 71 72 98 90 88 82 72 62 29 41 41 41 106 106 106 106 149 106 106 95 79 35 10 15 24 37 32 29 36 29 42 29 74 105 105 140 164 164 164 105 59 58 70 72 69 55 39 20 20 20 20 41 55 49 49 55 65 51 57 96 215 216 189 164 186 175 149 149 149 125 112 90 32 20 36 73 77 79 55 41 41 41 37 29 41 74 71 90 130 91 49 63 74 58 74 87 62 68 82 88 88 87 70 62 56 128 128 137 128 
92 37 49 58 57 74 138 137 120 90 98 88 71 71 45 29 58 72 90 82 82 88 71 90 98 98 71 45 51 37 36 114 189 185 180 174 169 177 169 177 61 14 14 24 75 150 123 95 79 95 95 77 77 39 65 57 57 57 37 20 36 32 29 58 42 105 87 71 63 71 42 42 58 58 58 58 67 49 68 184 70 87 93 75 219 226 197 165 133 51 97 37 20 49 56 180 100 142 149 149 123 93 90 77 77 57 57 74 70 42 20 41 51 36 58 68 95 90 80 72 63 77 106 134 80 68 99 59 
124 45 65 71 65 72 104 137 139 103 98 90 52 38 29 29 36 67 82 90 71 67 87 80 68 71 82 77 37 36 49 56 144 193 186 186 180 180 177 169 33 14 18 30 75 181 186 199 190 189 175 180 174 167 167 169 161 161 161 106 106 79 79 55 55 55 55 55 41 41 37 20 20 29 29 29 56 90 77 62 37 36 58 74 215 204 204 204 89 41 57 49 36 85 192 192 79 196 183 105 87 140 133 87 87 70 82 57 48 20 20 41 37 42 42 56 67 96 88 82 72 88 101 101 77 77 93 17 
90 51 49 90 58 57 74 131 146 139 121 130 82 45 49 28 55 41 71 59 59 56 51 72 41 87 90 90 55 29 29 41 56 181 203 195 195 189 189 189 61 15 15 50 96 180 174 169 169 177 177 177 180 190 186 190 185 180 185 180 174 180 159 105 105 138 143 157 157 157 143 130 130 106 106 95 95 95 77 77 62 45 50 36 105 74 87 105 116 82 106 77 37 42 42 41 41 75 131 62 51 51 68 55 49 69 77 58 68 57 41 49 55 30 41 72 67 59 59 58 51 58 67 72 87 105 46 10 
104 150 57 56 57 57 63 102 104 134 137 136 95 82 37 29 68 73 80 59 20 36 44 58 65 71 82 62 80 29 37 58 45 74 177 186 193 193 212 204 33 18 23 44 75 205 195 189 195 195 195 185 195 190 180 185 185 186 181 186 186 116 54 68 57 58 87 140 149 145 133 131 149 132 132 128 128 137 137 138 140 139 123 77 42 36 37 42 37 58 68 73 57 23 18 15 18 24 41 29 36 49 63 106 65 101 91 73 73 110 55 36 42 67 67 42 29 20 30 41 51 37 49 51 58 45 14 5 
72 146 120 77 62 86 90 182 228 159 146 138 145 127 77 37 44 58 82 95 23 57 55 20 44 59 44 68 90 67 37 41 42 41 182 201 201 204 205 204 55 65 71 63 111 205 205 201 205 190 195 201 201 199 199 195 195 193 190 185 153 42 45 56 62 58 51 67 105 83 83 87 116 112 125 121 121 132 127 112 110 115 145 120 32 20 20 20 29 36 73 74 112 29 29 29 29 56 93 32 24 37 56 105 62 58 73 88 63 101 82 45 29 57 72 65 63 20 22 36 42 37 36 49 41 73 55 48 
93 68 80 87 77 125 187 213 234 171 192 120 133 107 125 93 55 20 29 44 87 77 71 45 20 20 23 41 74 59 55 42 49 51 74 172 164 116 87 74 70 59 49 82 105 172 219 212 205 205 171 158 186 181 188 199 205 201 195 185 165 55 77 90 131 106 95 77 33 18 18 25 97 58 59 22 18 22 38 22 68 105 143 64 20 18 29 20 24 36 63 58 67 29 29 37 20 68 93 23 15 24 56 51 72 51 58 63 42 67 72 77 65 71 59 42 58 57 32 24 41 41 36 51 56 72 101 33 
113 69 104 208 221 239 176 189 197 170 174 208 149 110 115 121 124 37 20 20 44 72 98 80 41 34 59 68 65 68 65 41 37 42 36 41 37 37 37 49 51 37 36 96 103 88 105 140 103 105 198 215 203 216 213 205 205 199 181 164 87 105 98 51 52 68 105 181 78 15 10 13 29 20 17 10 14 10 10 15 18 24 100 54 22 18 18 15 24 29 63 63 62 20 18 20 20 56 80 29 23 20 29 37 49 65 71 72 49 62 90 101 88 42 18 18 24 63 55 20 36 37 49 96 72 58 59 20 
73 129 196 232 194 210 178 202 184 189 213 234 209 142 112 128 125 95 71 45 20 44 71 39 86 88 73 77 98 52 100 112 55 41 37 36 45 29 37 36 41 37 37 58 107 127 146 120 52 42 111 198 219 219 224 216 216 196 216 63 42 36 74 52 42 41 58 96 76 17 14 18 29 29 33 7 10 10 10 14 14 15 18 20 20 20 30 34 29 24 58 72 57 20 29 29 29 56 97 18 15 15 18 29 20 26 42 56 37 56 62 58 72 32 14 15 24 56 71 32 29 22 49 58 51 45 7 13 
244 223 120 105 116 181 147 135 159 99 202 201 227 226 173 110 138 104 94 77 41 20 68 80 72 49 88 88 71 59 68 115 95 55 37 37 37 29 29 29 37 36 41 36 74 138 95 99 52 31 44 126 203 219 224 225 224 224 191 37 20 18 44 45 20 29 49 73 81 20 15 18 29 36 33 7 10 10 10 10 14 14 14 20 18 20 29 49 55 20 37 57 58 37 18 14 24 56 80 15 15 14 18 18 20 20 37 42 37 41 42 29 26 36 34 36 49 42 41 69 69 55 52 22 29 48 10 30 
219 186 142 123 67 87 107 178 174 129 196 227 233 209 184 146 112 88 108 110 87 55 65 58 59 42 71 58 56 69 55 74 112 93 41 41 41 37 37 37 37 42 41 37 41 73 139 107 112 55 23 74 163 224 224 224 224 224 156 55 20 18 20 56 45 37 50 73 59 15 10 18 29 41 33 10 7 10 7 10 10 15 15 15 18 18 18 41 65 55 41 41 49 45 29 20 36 58 80 18 15 24 39 30 55 29 29 49 52 29 29 20 20 20 20 22 22 41 36 42 26 22 26 15 10 15 10 23 
216 213 183 140 196 150 88 101 165 181 230 240 234 147 70 105 159 127 102 132 69 90 90 69 55 34 29 23 20 68 108 108 100 98 58 45 41 51 37 29 37 37 41 41 49 87 110 95 131 62 55 29 111 224 223 235 224 219 200 89 37 20 29 36 22 41 56 62 32 15 14 18 37 41 33 10 7 7 7 10 14 23 30 55 49 49 42 42 42 37 20 29 29 29 29 34 41 75 93 39 39 39 117 174 93 39 23 30 17 24 45 20 30 29 22 20 18 18 36 20 15 15 14 10 13 30 17 15 
225 234 197 102 172 202 142 208 230 239 189 155 135 92 82 67 105 115 108 131 142 92 70 38 29 18 20 58 23 58 88 71 69 102 88 62 58 62 37 29 37 42 49 39 69 106 130 137 157 123 90 23 114 186 185 205 219 212 197 52 37 20 15 18 15 44 74 45 34 17 14 18 37 49 33 14 12 30 55 57 58 51 29 20 29 29 29 29 20 20 18 15 15 20 20 36 68 123 118 215 212 219 219 219 219 212 215 172 49 85 192 120 26 50 14 13 20 15 18 15 15 18 18 14 18 22 11 7 
163 102 202 165 103 106 187 241 239 202 147 120 105 199 150 57 29 68 103 98 128 128 55 20 37 20 20 20 58 82 65 98 88 69 104 110 45 58 45 50 90 107 115 121 121 137 131 143 138 161 95 71 59 114 186 199 186 181 204 174 78 14 10 10 14 15 24 49 32 20 15 24 41 49 71 51 58 51 51 41 49 42 32 20 20 20 18 20 20 18 18 14 15 18 18 18 36 74 158 224 224 224 219 219 204 204 184 89 57 56 199 64 17 25 18 15 15 6 10 6 4 42 14 18 20 15 15 10 
147 160 99 87 111 195 195 234 223 158 134 90 90 105 155 42 69 132 127 101 107 130 146 55 20 20 29 20 36 90 80 62 20 68 67 100 94 51 52 42 96 110 110 128 125 135 138 161 138 157 159 93 71 44 105 105 164 140 174 91 26 10 10 10 10 14 20 36 20 20 14 18 51 41 68 45 37 36 42 42 29 29 37 20 20 20 15 15 15 15 15 15 14 15 15 18 18 24 114 184 172 184 164 172 116 59 42 42 36 58 105 54 28 55 55 6 4 4 6 4 4 15 15 10 6 4 30 17 
22 68 103 72 82 172 184 139 182 214 185 174 92 59 41 65 130 146 125 101 101 107 128 54 20 23 20 20 20 56 93 65 55 20 56 52 52 59 51 49 72 115 110 125 138 146 138 146 159 145 137 159 90 62 52 58 74 88 59 59 15 18 15 15 14 14 10 15 14 15 20 24 49 41 75 124 45 37 49 57 39 39 106 79 20 20 29 20 18 20 20 18 18 10 14 15 15 18 44 96 109 108 80 36 51 20 22 22 29 41 68 31 24 96 64 7 7 4 4 4 4 10 14 4 4 4 25 48 
14 114 197 77 73 82 129 176 181 204 227 173 54 41 65 130 146 109 112 112 101 99 80 32 34 20 20 20 20 20 56 87 82 45 52 68 55 23 41 41 49 74 130 125 137 121 137 138 157 138 167 137 133 99 72 71 67 67 45 18 18 14 10 10 15 15 14 17 14 20 29 30 49 45 75 161 76 50 135 174 187 186 181 174 76 20 18 20 18 18 18 20 20 14 10 14 15 15 18 56 121 100 71 29 20 18 18 18 18 29 29 49 18 58 32 11 4 4 4 4 4 4 10 4 4 4 15 31 
57 55 74 160 129 208 226 216 183 164 155 54 57 111 125 104 131 149 133 107 88 87 51 37 30 36 41 49 55 20 44 26 44 95 32 44 87 55 52 41 49 37 87 110 128 138 130 138 157 167 157 164 136 102 59 67 58 34 15 10 14 23 14 10 10 10 15 36 29 10 15 44 48 50 111 169 174 158 174 169 180 157 133 105 42 20 20 18 18 15 18 18 18 18 14 14 14 10 14 24 51 42 29 20 18 18 15 15 18 20 20 36 18 10 15 6 4 4 2 2 2 4 4 7 7 4 7 6 
51 58 74 111 230 243 231 237 223 70 49 65 104 144 112 98 107 131 125 109 90 67 32 29 20 29 37 20 29 37 71 48 20 26 20 20 44 87 31 58 42 51 52 101 125 159 136 145 138 167 146 143 138 132 93 57 52 15 10 10 18 37 17 13 15 23 34 22 29 23 15 24 28 97 107 158 159 157 186 186 185 159 61 20 20 20 20 20 20 18 18 20 18 15 15 18 18 14 14 15 36 32 15 15 10 15 15 14 18 20 18 36 41 17 7 4 4 4 2 2 2 4 7 10 7 2 4 4 
49 45 42 68 105 202 230 223 70 41 65 104 158 127 120 115 104 109 134 128 80 32 20 36 37 20 20 20 50 23 20 20 44 71 55 52 59 55 68 77 71 41 41 74 110 143 136 143 138 161 145 125 138 157 159 99 104 35 14 13 18 20 29 20 23 36 37 20 29 32 14 30 102 82 98 105 128 136 159 105 157 167 139 20 20 20 20 18 18 20 15 18 20 18 15 15 15 15 14 14 15 29 15 14 15 15 18 18 15 15 15 20 36 11 4 4 2 2 2 2 2 2 10 4 7 7 4 7 
42 49 37 41 49 73 107 70 32 25 130 169 180 144 125 112 98 121 121 88 59 18 20 20 20 20 20 29 41 29 20 20 20 30 58 69 55 65 86 110 82 71 58 51 87 143 145 157 137 136 157 138 157 145 159 139 77 69 23 20 29 32 36 20 20 20 29 18 18 18 15 56 88 82 101 102 110 143 139 29 44 138 157 61 18 18 20 18 18 18 18 18 20 20 20 20 15 15 15 10 18 22 17 18 18 18 15 15 15 18 18 39 39 55 5 4 4 2 2 2 4 14 10 7 4 7 7 13 
30 36 51 49 57 88 71 80 31 85 169 185 177 157 134 110 125 110 104 82 69 77 35 18 18 24 20 36 100 45 36 71 45 20 29 37 44 74 110 101 104 100 51 70 58 104 137 128 135 137 143 132 130 159 133 164 130 77 71 29 20 20 29 15 20 18 20 20 23 15 30 36 90 107 107 99 52 68 138 35 50 74 138 124 32 20 29 20 18 18 18 15 18 15 20 20 15 15 18 15 15 15 24 17 10 15 15 10 14 15 20 22 38 83 147 19 2 2 2 2 4 7 12 14 7 7 7 18 
37 37 37 41 63 58 64 15 18 111 203 209 212 181 175 142 127 127 80 51 85 40 38 31 20 20 29 29 20 29 29 29 36 41 41 71 37 68 88 112 65 101 71 26 29 107 121 167 121 125 128 143 121 131 112 158 145 139 77 76 37 37 20 18 20 39 20 41 20 30 59 33 56 63 77 95 47 22 140 91 57 62 111 157 61 32 18 18 29 20 18 15 15 14 18 18 20 15 15 15 10 15 14 20 10 15 10 10 13 14 15 14 14 14 14 14 4 4 2 2 7 7 10 7 7 7 24 11 
37 69 55 63 58 32 25 48 20 168 205 205 209 182 194 183 167 121 72 55 85 56 107 41 36 42 29 36 23 20 36 37 29 37 29 29 29 42 68 71 38 29 20 20 50 132 138 146 159 136 159 136 159 110 134 125 145 139 112 65 71 49 34 34 14 22 24 42 28 52 22 10 22 59 87 105 31 24 52 54 58 58 65 146 91 49 33 20 20 18 18 18 15 15 15 18 18 14 18 18 14 15 14 18 17 10 7 7 10 18 14 14 14 14 24 20 11 7 7 7 7 4 4 4 4 4 4 2 
37 49 63 57 57 45 25 61 20 168 195 221 209 105 172 164 185 91 111 93 85 56 99 20 20 56 100 42 42 39 36 20 29 29 22 36 34 26 18 30 42 37 49 51 44 108 128 121 128 127 131 128 131 138 127 131 167 136 159 110 90 62 20 20 29 23 41 58 42 26 14 7 7 7 10 10 15 18 20 18 36 51 82 74 112 37 32 18 18 20 15 20 15 10 15 18 18 15 14 18 18 14 18 15 24 17 7 7 10 10 15 18 20 20 24 20 20 15 14 6 6 4 4 4 4 4 10 11 
41 56 57 90 104 77 66 78 20 168 224 212 212 61 22 75 153 75 158 91 85 32 29 29 36 48 29 20 24 59 20 20 20 20 15 15 18 29 31 29 29 106 108 77 24 68 86 121 123 145 121 137 121 145 110 137 157 145 143 169 127 71 62 57 58 42 32 29 20 20 17 14 7 7 7 7 10 15 18 18 20 42 58 45 56 61 20 18 18 18 15 20 18 15 14 15 10 14 15 18 15 15 10 14 18 20 7 7 14 14 14 10 18 18 24 29 20 15 7 4 4 4 2 4 4 4 14 11 
56 57 97 69 135 120 66 78 20 168 219 216 212 77 95 35 26 75 182 62 85 33 32 42 37 36 29 20 20 29 26 15 10 14 18 22 18 28 55 100 62 136 132 99 20 22 111 125 112 132 121 136 112 131 128 146 121 143 138 167 145 93 100 45 30 20 24 29 29 29 20 18 14 4 7 7 7 10 15 20 18 29 29 58 45 84 17 18 15 15 18 18 20 15 15 15 15 15 10 14 18 15 14 14 14 18 17 14 23 23 14 14 15 7 24 20 18 18 15 10 4 4 2 4 4 13 26 17 
44 59 160 106 186 159 66 156 20 168 224 227 224 80 100 71 130 172 158 71 217 78 69 35 29 29 20 22 15 14 14 15 15 14 10 30 55 42 75 69 76 137 101 108 18 32 36 111 134 125 137 110 120 109 137 121 128 110 115 149 145 139 99 70 55 23 36 29 20 20 20 20 20 7 7 10 10 10 13 18 18 20 20 29 29 22 31 15 15 14 15 18 18 18 18 14 14 14 15 14 14 14 14 10 18 18 24 29 21 50 17 15 10 14 24 17 15 18 20 18 14 2 4 50 71 59 18 11 
22 29 100 140 190 159 25 119 20 168 219 219 219 61 21 56 93 75 182 64 168 33 29 29 22 15 14 14 15 14 23 30 30 41 18 69 108 106 166 83 80 185 127 149 20 30 37 56 131 121 131 101 125 139 125 127 131 112 125 138 137 136 127 108 77 55 42 37 37 29 49 42 29 20 7 7 7 7 10 18 18 18 20 20 18 20 18 15 14 18 15 15 18 18 15 15 15 15 10 14 14 15 18 15 10 14 18 41 49 82 20 18 18 20 69 76 11 7 13 20 18 15 18 18 42 26 13 11 
20 15 44 131 198 142 25 156 29 111 203 219 224 156 21 56 129 175 182 61 85 33 14 14 15 15 14 30 23 30 57 65 73 77 32 96 125 77 75 129 150 164 112 109 30 32 23 48 44 87 104 128 109 132 121 137 131 128 125 137 157 132 167 112 108 71 42 36 42 29 29 59 29 32 17 7 7 7 10 15 20 18 20 20 18 15 14 15 14 15 14 18 15 18 18 18 14 14 14 10 10 10 15 15 10 15 14 24 42 58 32 20 20 20 36 29 17 7 56 87 71 32 20 20 10 7 10 17 
10 13 44 68 178 145 66 156 20 168 219 227 219 153 21 75 91 75 182 156 85 61 18 23 20 39 55 56 77 68 90 135 132 139 34 111 149 130 172 116 93 125 130 121 32 26 29 42 36 36 74 107 103 104 80 108 109 125 121 137 101 105 59 38 28 23 37 29 41 37 29 29 36 23 29 17 7 7 7 10 18 20 18 24 20 14 10 15 18 14 15 18 15 10 15 18 18 14 14 14 10 14 14 18 14 10 15 18 36 15 10 13 20 20 20 29 20 14 42 42 20 20 20 20 15 7 7 21 
18 13 20 50 203 173 66 156 50 151 219 224 224 153 21 85 76 129 230 119 85 61 57 57 67 67 56 85 149 111 146 169 169 159 47 111 167 103 129 208 171 127 125 121 20 23 36 37 29 29 42 58 96 108 115 108 96 98 105 59 31 28 79 106 175 78 36 37 42 42 37 49 55 37 29 37 14 7 10 10 10 10 18 20 20 15 15 14 15 14 10 10 14 14 14 18 18 14 15 15 14 10 14 15 18 14 10 10 20 34 14 18 20 20 20 20 20 30 37 20 20 15 15 15 10 7 13 29 
15 18 39 79 212 174 66 171 151 204 224 224 212 153 48 68 133 163 114 47 85 103 135 123 86 175 140 111 180 131 167 174 177 174 47 111 157 164 147 103 139 131 110 110 32 29 36 42 37 20 20 42 59 100 105 70 42 31 18 30 41 175 233 232 240 78 37 37 36 45 29 36 59 56 54 55 29 10 10 14 14 14 18 20 20 15 14 14 15 14 10 10 14 18 15 18 18 20 15 14 15 14 10 10 15 14 7 14 18 41 17 18 18 20 20 20 20 58 26 20 20 20 15 14 7 7 14 20 
10 30 158 203 216 183 25 199 199 189 224 212 219 153 21 85 103 146 115 33 85 103 169 159 147 103 111 111 169 111 177 185 189 183 62 85 146 165 154 192 155 87 101 135 45 45 37 37 42 49 37 29 20 26 20 20 30 30 36 62 75 236 245 241 248 156 51 57 57 37 41 41 37 37 37 29 29 32 17 14 15 13 15 18 36 20 14 14 10 14 14 10 14 24 14 15 15 18 14 14 14 14 14 10 15 15 14 10 10 24 34 18 18 20 18 18 18 22 30 37 41 37 23 20 7 18 20 19 
10 29 151 219 219 183 50 165 221 221 224 212 212 156 48 85 192 184 109 33 85 110 167 149 129 175 172 111 167 142 169 177 186 174 71 85 138 155 83 69 106 130 137 128 40 41 42 41 37 22 29 18 18 30 69 106 124 37 36 90 100 245 249 248 245 156 49 51 56 59 36 37 37 36 42 37 36 45 34 18 10 13 14 18 18 20 18 15 14 10 15 10 10 15 15 10 10 15 15 10 15 15 15 14 10 14 10 10 10 18 41 20 18 18 20 20 18 9 41 41 41 51 51 37 13 18 20 6 
14 24 178 212 219 183 44 226 219 227 224 219 224 197 48 96 105 115 107 47 85 118 167 177 147 80 104 111 169 148 177 164 180 174 71 66 132 95 135 157 138 145 140 135 40 64 26 26 20 23 23 29 75 149 175 189 209 72 70 71 75 241 249 250 249 156 51 49 49 41 41 49 45 36 51 41 41 49 52 32 18 14 18 18 18 29 20 15 15 10 14 10 10 10 15 15 6 7 15 14 10 14 10 18 15 10 14 14 7 10 24 45 39 30 30 30 37 41 51 41 41 51 49 51 41 32 6 7 
50 118 219 215 224 183 44 219 224 224 227 224 240 245 156 102 125 109 108 47 85 118 167 159 129 192 202 111 145 118 180 135 174 159 71 66 121 131 125 132 127 125 131 138 33 24 49 79 106 124 45 49 118 216 226 232 223 77 77 105 104 240 249 250 249 156 51 49 56 42 41 49 51 37 41 49 56 54 49 65 33 15 18 18 20 29 32 20 14 14 10 10 10 10 10 7 4 4 10 15 14 14 10 10 14 10 10 15 7 7 13 41 58 45 37 29 41 51 37 41 41 51 41 42 48 6 2 13 
36 75 182 209 226 194 44 216 219 224 219 232 249 235 194 159 136 112 110 47 68 118 169 167 163 76 135 118 157 140 177 186 159 132 71 44 101 101 108 109 128 125 136 110 55 50 208 226 232 220 106 80 126 237 240 245 229 62 57 129 118 249 250 250 248 156 56 63 51 57 41 41 49 77 37 41 37 59 51 54 37 17 18 15 18 20 32 20 17 15 14 14 14 14 13 17 4 4 7 10 14 10 10 7 7 7 7 10 10 7 14 41 49 45 37 24 51 32 37 37 37 37 37 41 11 2 2 13 
42 129 215 219 224 153 44 209 194 212 221 245 235 212 173 132 115 103 125 33 85 118 169 167 129 192 155 87 158 120 157 167 145 127 62 44 107 90 128 110 101 107 137 121 57 126 240 241 248 191 72 95 206 245 248 248 229 106 99 89 75 245 250 250 249 89 58 65 51 51 51 51 49 71 41 56 51 51 37 58 49 63 17 14 15 20 32 20 18 15 15 14 10 14 25 45 7 4 7 10 14 7 10 7 7 7 4 7 4 13 37 41 41 41 29 37 29 32 29 29 29 32 20 29 14 2 2 4 
50 173 178 203 224 153 44 194 216 221 237 243 214 209 165 121 127 101 109 33 56 118 177 133 155 86 106 130 157 120 132 107 128 112 62 40 98 108 128 108 115 131 128 110 73 168 243 243 249 220 105 80 168 249 249 250 239 62 86 175 175 230 248 250 250 156 57 49 69 41 57 57 51 42 74 70 58 51 41 41 57 68 48 15 14 15 18 37 20 18 18 23 14 18 75 62 17 4 7 10 10 17 7 7 7 14 14 18 20 20 37 41 49 32 29 20 20 29 29 29 29 29 29 29 17 2 2 13 
70 70 168 203 219 156 40 209 215 221 244 242 227 212 173 125 121 108 109 33 56 103 169 112 106 167 159 167 157 91 125 121 137 112 62 45 102 88 115 127 109 110 121 110 92 168 243 243 249 220 129 130 178 249 250 250 242 166 163 189 208 240 248 249 250 156 57 41 49 52 42 59 49 37 37 49 67 58 49 71 37 39 71 26 10 14 15 15 18 15 18 51 18 24 39 95 34 14 7 10 10 15 14 14 18 37 17 41 37 48 49 57 37 36 29 20 18 20 29 29 37 29 29 29 20 4 4 10 
59 44 151 203 219 183 40 226 227 232 246 235 224 212 171 127 115 109 107 33 56 118 159 135 161 167 134 146 132 93 121 110 131 127 71 61 103 90 128 115 132 125 121 116 67 217 248 245 249 191 103 82 168 249 250 250 239 233 240 243 248 249 248 248 248 119 51 49 58 58 45 49 41 41 41 49 45 44 57 65 59 31 20 34 7 7 10 15 18 15 18 49 55 233 224 171 62 24 33 30 18 20 29 29 29 45 34 56 56 47 18 22 20 29 29 29 20 20 20 29 37 37 29 37 20 4 4 14 
18 24 198 203 224 171 36 219 224 237 238 227 224 205 153 109 107 108 98 33 68 118 169 167 140 157 159 134 110 91 104 130 145 112 76 15 107 101 109 127 121 88 82 93 63 217 243 240 250 220 150 164 187 249 252 252 250 249 248 249 250 249 249 248 242 70 37 41 49 51 49 62 58 51 37 57 57 96 123 111 55 57 37 45 17 7 7 14 15 15 30 129 208 236 226 183 76 30 40 95 37 37 49 41 65 73 93 68 32 75 15 18 20 29 29 29 29 20 18 18 29 29 37 15 20 4 4 11 
23 50 207 219 204 153 65 221 233 243 235 204 205 209 171 108 98 130 98 47 68 118 157 143 137 127 146 137 125 99 96 88 127 143 93 34 96 108 99 82 107 82 67 86 90 217 248 243 249 223 165 208 244 249 252 250 250 250 250 249 249 250 249 249 229 86 52 42 37 58 49 39 55 48 59 29 30 81 97 126 88 67 37 57 34 14 18 18 30 106 196 238 237 236 231 209 124 49 89 175 65 63 73 77 90 88 87 56 40 97 20 20 20 29 29 36 37 20 20 18 18 20 32 14 23 4 13 4 
20 24 126 212 226 197 61 217 249 235 200 187 173 207 153 103 96 159 64 61 73 96 137 137 108 132 127 132 128 99 96 130 121 108 93 32 82 90 108 88 54 56 169 159 93 217 243 245 245 239 233 249 248 250 250 252 249 250 250 250 250 250 250 248 223 131 171 75 106 71 74 104 76 30 57 57 63 81 160 196 90 71 41 90 45 17 24 41 106 203 232 238 237 241 236 219 124 129 175 216 107 102 82 67 67 77 82 68 23 23 15 10 10 22 22 22 29 29 20 18 18 18 14 85 91 17 14 2 
22 18 158 219 224 226 156 114 225 199 159 114 70 126 153 98 107 120 76 61 68 96 146 137 130 134 107 128 98 93 96 108 121 87 80 47 88 59 42 41 65 118 169 157 91 217 243 240 249 249 245 250 250 248 250 252 252 250 248 245 248 246 241 243 183 87 140 80 58 99 100 87 120 65 72 82 73 173 160 182 98 62 49 136 77 32 41 111 158 226 232 241 241 241 236 224 216 226 223 202 99 98 86 150 42 88 80 56 77 47 10 10 7 7 7 7 4 4 4 6 8 6 25 99 59 26 10 2 
13 28 151 219 216 232 231 61 182 183 64 18 56 126 153 108 115 103 124 61 68 80 128 128 125 99 96 115 88 88 68 70 63 62 67 48 37 50 65 122 90 111 144 167 93 217 249 249 249 249 241 249 249 250 250 250 250 249 249 248 245 240 245 235 171 45 41 70 75 40 60 75 153 99 82 82 90 153 160 196 98 62 63 180 139 69 106 175 221 232 238 238 241 243 238 231 224 152 39 126 145 128 97 50 18 71 93 56 98 32 14 7 7 7 4 4 4 4 4 4 4 4 85 47 15 4 4 2 
14 85 216 219 236 224 219 61 144 133 33 15 56 168 153 115 108 68 76 47 73 62 125 127 109 98 98 88 59 57 51 51 49 49 95 33 65 151 104 208 192 111 159 145 93 217 248 248 249 249 247 249 250 252 250 250 250 246 202 237 248 245 243 235 153 49 36 72 118 79 106 158 153 103 82 82 136 208 233 222 88 67 63 193 185 189 195 216 226 236 240 238 243 246 235 226 226 152 64 178 136 88 81 50 24 88 72 56 103 45 14 10 7 7 7 7 7 7 7 7 7 9 95 45 6 4 4 2 
24 182 223 155 114 219 219 61 111 64 61 14 56 111 120 127 59 68 64 32 58 51 121 128 88 82 51 51 41 63 51 73 86 133 160 33 129 196 202 179 142 111 159 169 124 217 249 249 248 249 237 249 250 250 246 222 147 99 129 240 245 245 246 223 120 41 25 82 126 54 81 126 120 72 90 90 80 155 103 82 82 72 63 203 216 216 212 224 232 227 238 231 232 233 238 236 238 156 76 178 128 110 81 50 24 82 90 74 103 47 15 14 10 7 7 7 7 7 7 4 7 10 97 45 7 4 2 4 
24 176 89 36 85 212 199 61 122 48 61 15 56 168 134 112 45 58 31 14 36 62 96 80 63 57 57 51 42 50 106 100 38 20 85 40 105 178 129 228 184 111 164 167 93 217 249 249 246 222 230 250 235 184 134 105 70 57 217 248 248 245 241 224 153 56 56 82 126 45 135 151 103 82 82 82 71 82 88 72 82 72 73 219 204 219 226 238 241 214 232 238 241 241 245 241 241 191 116 178 121 131 81 75 24 72 88 72 98 45 15 10 13 15 10 10 7 7 10 7 7 7 81 32 7 4 2 4 
15 42 54 44 168 198 133 33 58 48 61 14 56 168 120 88 48 20 15 18 85 62 67 67 49 58 42 37 55 161 64 20 18 24 85 33 129 221 184 179 129 111 169 177 93 230 242 155 54 75 230 249 214 70 57 49 86 77 217 245 243 243 238 209 153 56 36 67 126 213 184 155 70 67 72 82 62 82 88 86 77 67 75 216 226 238 234 222 155 196 243 238 238 243 245 241 241 156 93 178 130 99 113 151 166 82 90 93 99 62 14 14 10 10 10 10 10 10 7 10 10 7 68 19 4 4 2 4 
14 18 65 106 171 181 54 19 36 48 61 14 56 144 120 99 47 36 34 35 122 61 58 59 29 30 79 130 64 146 76 29 20 24 111 32 97 178 196 223 147 111 167 167 91 230 156 57 41 111 237 248 242 77 86 100 87 67 218 245 245 241 241 223 91 56 37 36 74 70 42 57 42 36 57 62 51 86 208 215 89 49 151 236 236 119 31 20 66 238 241 240 248 248 245 243 241 153 152 178 143 112 105 83 63 73 88 90 90 45 15 15 10 10 10 10 10 10 10 10 10 15 24 32 4 4 2 7 
17 10 22 111 133 64 24 17 36 45 33 10 56 144 91 80 31 18 49 33 68 62 69 43 154 152 178 104 76 157 76 20 20 24 111 32 151 225 163 179 208 97 131 167 91 230 156 72 51 111 247 248 242 116 70 65 106 91 230 245 248 243 245 223 91 49 37 20 22 29 42 41 45 29 41 69 75 204 172 171 57 63 178 237 238 220 20 15 126 241 245 243 243 245 245 243 241 78 61 168 145 128 95 72 72 67 73 90 82 45 14 14 14 10 10 10 10 14 15 14 14 55 34 20 7 2 2 10 
4 7 36 58 63 61 24 11 36 41 61 14 49 122 89 81 10 10 18 33 81 61 157 116 118 142 206 204 89 145 76 29 20 24 97 32 82 182 196 200 138 96 149 149 93 230 156 73 51 111 247 245 242 129 118 116 72 62 230 248 245 245 238 239 91 21 29 20 18 15 21 36 32 36 68 87 68 54 61 97 57 58 126 241 241 191 20 18 126 243 245 245 248 248 248 243 243 197 192 178 137 112 82 77 72 67 72 98 72 33 15 14 15 10 15 14 14 14 15 14 18 90 45 15 4 2 4 4 
10 18 22 18 50 78 24 11 36 37 33 10 49 160 89 47 23 30 92 33 85 62 178 142 196 184 178 135 76 135 91 29 20 24 97 45 166 225 138 189 192 111 167 167 124 230 156 73 51 111 247 243 242 70 77 102 100 91 237 245 243 240 238 223 64 21 18 14 17 14 18 24 29 34 50 58 58 56 45 77 49 65 126 237 242 191 20 18 126 241 248 245 248 249 248 243 238 147 129 208 127 112 88 67 63 63 67 70 63 32 15 14 10 14 14 14 15 14 14 14 50 64 26 6 4 2 4 4 
10 10 7 15 44 31 22 17 36 37 33 10 49 182 89 76 45 73 153 47 56 40 144 105 118 165 196 184 91 159 61 29 20 24 97 40 90 221 192 147 100 104 167 159 179 230 191 88 51 158 245 245 242 130 105 87 129 123 230 246 243 236 231 173 45 18 15 15 15 14 10 18 24 26 90 29 50 151 105 171 72 62 126 237 235 191 20 18 126 245 245 243 248 248 245 241 240 233 241 238 120 115 88 67 58 51 49 42 57 45 23 23 14 14 14 18 23 14 14 14 68 54 14 7 6 2 4 2 
21 4 7 20 18 18 18 18 36 36 61 14 49 182 119 101 61 73 156 33 24 42 65 129 196 184 178 135 92 120 64 18 20 24 97 32 202 147 105 86 106 157 159 128 179 230 191 88 51 158 245 249 239 86 129 192 184 163 233 241 245 238 231 153 32 15 10 10 7 10 15 10 18 20 80 24 58 126 71 153 49 67 168 236 237 156 20 18 126 241 248 245 248 248 245 245 243 245 246 222 112 99 88 67 42 29 20 50 77 52 59 42 52 37 29 22 20 22 8 22 81 20 7 4 2 2 4 2 
23 7 13 15 10 18 14 18 36 36 33 14 75 201 89 63 61 96 153 33 18 41 106 128 158 197 233 184 93 132 61 29 20 25 93 22 74 86 130 139 161 159 127 109 179 230 191 88 49 158 248 245 229 223 184 175 208 233 237 241 241 241 223 91 20 15 10 7 7 7 7 10 30 71 62 24 41 126 154 124 37 58 168 226 233 156 15 18 126 241 245 245 248 246 245 246 223 155 31 25 103 99 72 67 37 50 65 88 98 95 48 20 26 20 18 11 15 15 4 10 67 32 6 4 2 4 4 4 
51 32 52 31 14 18 18 15 36 50 76 39 182 194 89 90 61 96 153 47 24 51 110 129 196 147 178 175 150 140 61 29 20 24 93 23 106 130 134 131 157 120 121 70 179 230 191 88 49 158 241 243 220 208 233 240 238 243 237 241 241 231 194 64 15 10 10 7 7 7 10 13 24 18 45 24 85 172 155 38 32 41 217 245 241 156 15 15 126 200 202 241 245 241 243 245 239 33 15 25 115 108 82 86 95 15 22 38 58 45 29 23 23 20 15 14 15 15 5 13 24 20 7 4 2 4 4 2 
21 17 15 15 14 14 18 20 36 41 103 129 203 199 89 132 103 107 153 33 44 42 105 101 151 197 213 155 70 130 61 36 20 25 81 40 128 125 146 127 115 91 26 24 179 230 156 88 49 158 245 243 236 241 241 238 241 245 238 231 236 227 183 47 15 10 10 10 10 14 14 30 30 39 76 18 26 22 24 18 36 58 168 230 241 156 15 14 114 31 22 38 83 83 207 245 243 32 15 25 98 108 74 87 31 15 11 9 82 62 37 29 37 20 23 18 14 18 14 10 15 18 15 4 2 2 4 2 
10 16 14 14 14 21 18 18 37 85 171 182 203 201 89 103 98 132 153 33 36 41 73 129 215 155 70 106 132 132 61 36 32 25 80 44 140 134 59 68 38 18 15 24 179 237 156 88 49 178 241 238 232 241 241 225 241 243 232 236 236 224 153 59 42 27 14 18 10 10 13 85 166 177 76 17 15 18 20 20 36 56 182 232 243 156 15 10 21 39 23 41 41 37 75 241 243 32 14 25 80 42 45 56 55 28 17 44 67 45 29 37 29 29 37 20 29 20 17 13 15 15 14 6 2 4 4 2 
7 10 15 18 18 20 23 34 37 85 185 187 212 204 120 127 107 127 103 61 30 42 58 58 86 106 103 101 136 134 61 36 32 25 80 50 99 46 15 14 18 20 18 18 81 230 156 88 49 178 235 236 236 241 236 219 236 237 238 237 232 223 171 32 14 10 14 24 29 23 18 85 165 185 76 22 41 39 20 18 36 63 217 243 243 156 15 10 50 82 48 29 42 50 196 243 242 20 10 24 33 75 156 58 37 75 33 36 63 45 29 42 29 29 29 20 20 29 20 13 20 15 15 2 2 4 4 2 
10 7 17 15 18 13 36 34 41 158 152 155 155 104 92 134 56 128 182 205 192 124 63 73 127 125 130 128 99 87 42 37 32 25 93 44 32 41 30 55 23 30 32 18 80 230 171 90 96 187 238 227 232 235 235 232 240 236 231 232 231 194 134 45 15 10 22 31 14 15 44 100 205 209 76 15 15 22 42 50 57 63 217 245 242 119 15 10 85 90 23 30 106 233 243 245 242 20 10 24 33 75 119 56 51 75 61 56 56 62 51 41 41 45 29 32 15 18 29 36 37 15 11 4 4 4 4 2 
4 10 15 18 17 18 58 52 36 81 14 14 24 68 148 139 96 136 215 209 164 103 65 106 121 128 80 59 31 18 36 41 32 22 20 24 52 32 41 73 52 20 15 18 62 210 119 44 74 178 235 227 204 155 155 140 227 237 235 224 227 183 120 45 15 7 7 7 10 10 13 151 227 209 91 29 27 23 20 49 68 113 218 155 54 15 14 14 44 111 149 180 188 237 243 245 242 15 10 24 33 29 37 58 37 126 61 56 63 62 41 51 37 29 29 29 18 36 45 57 41 15 4 4 4 4 4 2 
7 4 10 18 30 41 65 45 85 124 15 18 28 85 89 128 75 99 42 26 22 58 75 183 59 59 22 15 20 22 28 79 130 55 36 23 31 56 37 96 80 55 23 20 59 80 15 18 36 111 232 200 70 42 37 36 168 225 225 223 204 133 91 51 17 7 7 7 13 14 13 168 227 194 76 15 18 44 100 130 106 123 52 58 55 23 30 55 55 37 38 83 87 225 241 243 229 15 7 13 33 29 29 50 106 111 61 49 63 67 57 41 37 29 29 15 20 42 58 42 34 18 4 2 4 4 2 2 
10 7 14 20 36 57 62 73 158 195 124 18 168 209 89 98 75 59 20 20 18 44 114 155 123 149 154 17 18 15 66 174 152 42 18 22 24 58 57 58 58 57 107 71 49 45 17 10 18 111 202 119 55 32 15 24 74 58 59 58 58 58 42 49 11 7 7 7 7 14 18 182 227 183 47 18 30 41 67 67 67 74 59 68 96 110 123 80 42 20 20 29 50 126 223 83 31 10 7 13 32 29 22 58 57 151 61 58 63 45 51 49 72 37 20 13 42 41 49 57 32 15 2 4 4 4 2 2 
14 20 20 36 41 56 62 58 158 204 226 55 196 205 89 101 42 20 18 18 18 18 22 25 199 203 173 23 30 27 44 54 23 24 32 15 24 32 42 47 30 26 44 67 77 42 58 27 23 111 169 172 91 57 55 39 23 22 42 56 55 49 29 29 11 7 7 7 7 20 18 182 223 155 31 14 10 22 42 42 42 71 69 65 96 115 158 77 55 37 20 20 56 42 20 18 15 14 7 13 32 30 34 56 63 168 61 58 58 41 37 42 51 37 17 2 4 10 8 22 15 5 2 2 13 11 2 2 
30 37 20 34 42 57 51 49 158 205 213 50 230 200 89 130 32 18 15 20 13 17 14 15 38 83 87 95 95 77 42 45 32 18 17 30 20 29 73 62 56 42 20 49 67 71 51 49 57 57 74 63 63 73 72 72 82 71 55 45 54 36 49 55 17 17 7 10 15 39 30 82 77 69 79 55 23 14 24 36 41 42 58 63 82 98 131 105 70 57 58 29 49 45 20 18 18 14 7 13 36 36 37 42 18 168 61 29 10 37 20 15 22 20 17 2 10 6 4 4 18 6 2 4 13 4 2 2 
95 71 34 34 32 63 37 56 87 133 178 25 168 173 89 97 14 10 15 24 41 57 55 55 27 23 56 87 87 82 65 55 41 32 15 24 55 48 52 69 56 68 62 56 72 68 62 57 63 57 63 67 63 62 63 67 63 72 67 65 67 67 57 96 20 16 7 10 50 174 161 149 175 174 174 174 149 123 95 77 77 77 57 65 82 98 143 22 29 29 29 24 49 51 37 30 30 30 27 39 37 29 29 29 10 44 61 15 7 15 20 14 13 15 18 4 4 7 7 10 15 2 2 14 10 4 2 2 
133 51 42 29 20 36 29 57 50 46 59 24 66 61 91 34 10 7 10 18 56 82 88 107 88 82 82 95 69 65 90 82 82 73 77 55 41 24 42 44 48 56 52 39 73 63 71 90 77 63 67 58 63 63 67 63 63 63 67 63 57 63 73 63 23 19 13 33 25 105 155 164 190 216 195 190 185 195 195 189 185 180 175 52 58 74 105 65 106 95 55 55 57 90 93 72 73 82 71 57 58 63 65 48 7 4 6 4 7 4 21 10 18 11 6 4 4 6 6 13 15 4 2 15 7 4 2 2 
54 29 20 29 20 37 41 51 44 32 15 10 44 61 91 21 10 10 10 50 106 149 110 108 108 90 108 102 90 98 98 90 107 110 93 88 82 73 55 55 23 22 42 83 74 42 57 68 62 63 72 72 65 63 49 57 57 57 57 67 63 67 67 67 63 47 13 33 25 74 82 71 74 114 199 201 181 181 181 164 164 164 164 51 49 58 111 90 82 67 67 72 72 105 103 82 82 88 88 90 90 90 90 47 7 4 4 4 7 7 19 4 25 11 2 9 5 2 2 13 11 4 2 4 4 2 2 2 
32 29 20 18 36 41 29 57 41 23 17 13 32 29 48 22 7 7 13 96 109 135 130 149 149 123 125 143 143 127 110 130 145 149 149 132 112 98 98 98 88 90 69 69 65 55 57 52 42 63 82 72 90 67 49 63 72 62 58 63 72 67 67 63 65 47 18 20 56 73 77 72 82 82 105 140 128 125 115 128 138 136 139 106 106 106 146 139 149 149 149 130 110 77 110 90 107 100 130 133 128 105 134 47 7 4 4 4 4 4 19 4 24 11 2 13 14 2 2 13 4 4 2 2 2 2 2 2 
20 29 20 20 29 36 32 57 77 90 47 50 39 55 68 55 43 79 79 123 110 131 132 169 195 190 189 185 180 180 149 159 132 136 164 167 137 127 104 95 107 98 98 88 101 101 98 101 110 90 90 90 108 102 95 77 77 77 65 73 67 73 77 65 65 62 18 20 73 110 125 110 125 132 149 146 137 138 127 109 128 131 137 125 138 137 137 138 157 157 145 137 128 138 159 136 121 121 130 130 110 101 121 47 7 4 4 4 4 4 33 4 25 11 2 4 6 2 4 13 7 4 2 2 2 2 2 2 
36 34 18 29 20 20 36 58 54 22 15 44 83 87 90 77 90 98 107 102 107 105 105 116 105 128 164 172 134 140 157 192 173 157 161 145 149 125 136 127 125 110 108 110 108 98 131 136 136 130 139 130 161 137 157 167 161 169 145 132 95 102 110 130 108 112 28 25 130 157 145 143 146 159 137 146 137 121 137 110 90 102 125 127 108 108 99 101 98 88 87 98 105 105 87 88 88 88 88 88 67 67 67 19 4 4 4 4 4 4 11 7 44 11 2 2 4 2 2 7 4 4 2 2 7 4 2 2 
62 37 34 18 30 30 41 49 55 30 27 55 39 75 125 136 175 149 149 109 109 125 101 121 121 109 125 110 110 115 121 108 115 108 101 88 101 101 101 87 108 115 128 132 128 109 138 164 143 132 157 167 169 169 177 167 167 157 167 167 137 128 112 110 115 115 96 110 127 107 128 128 128 128 157 164 140 138 136 125 132 132 109 101 87 101 88 90 90 82 82 82 72 72 63 63 63 63 58 51 58 58 51 34 4 4 4 4 4 4 11 7 24 5 2 2 4 2 2 4 4 4 2 2 3 6 14 7 
57 77 57 57 63 57 65 63 63 73 67 67 67 72 72 82 87 105 105 105 105 105 101 121 121 100 88 107 161 121 108 125 130 131 139 110 110 102 98 86 125 115 108 125 103 107 138 145 132 137 125 137 137 128 128 140 128 128 128 128 128 121 121 138 127 125 139 130 132 121 125 136 127 125 146 132 127 125 101 101 108 101 101 101 108 88 88 88 101 88 88 88 82 90 71 63 57 57 51 49 41 49 41 37 7 4 4 4 4 4 10 7 36 5 2 4 4 2 2 2 2 4 2 2 2 2 2 4 
63 74 63 63 77 63 63 67 72 63 63 67 67 67 73 72 82 67 63 73 82 82 88 88 82 72 72 82 107 88 98 101 88 87 98 104 115 128 128 128 132 146 149 125 110 125 146 157 127 127 132 132 127 108 108 90 88 98 88 98 88 88 82 90 101 99 87 101 105 105 101 115 121 121 112 115 112 110 108 107 88 87 88 98 96 101 90 98 98 88 82 72 72 63 51 57 58 58 51 49 57 49 51 41 5 4 4 4 4 4 7 7 41 4 2 4 4 2 2 2 2 4 2 2 2 2 2 4 
65 57 57 63 72 82 72 63 72 67 67 82 90 73 72 67 67 73 77 73 67 72 63 57 82 90 90 82 98 77 98 98 88 98 101 121 125 125 125 132 131 127 157 157 138 128 131 146 132 143 103 128 101 105 88 96 101 101 90 107 90 110 98 108 98 107 90 90 90 98 90 90 98 82 90 90 98 108 101 101 82 88 88 67 82 82 67 67 67 67 67 58 59 51 41 41 41 37 37 36 49 51 37 42 11 4 4 4 2 4 4 10 51 4 2 2 4 2 2 4 7 5 2 2 2 2 4 4 
88 90 90 71 90 90 102 77 63 63 73 88 87 88 90 110 90 88 67 88 88 82 90 73 110 88 90 90 90 98 90 90 82 101 135 130 128 121 128 134 131 128 128 109 105 138 121 121 136 167 159 145 128 98 98 90 98 88 72 67 82 90 90 77 88 80 87 88 90 77 77 63 88 67 67 67 72 88 82 67 82 82 82 82 72 63 67 67 58 82 71 32 41 51 51 42 51 32 20 36 37 41 37 29 17 4 4 4 2 4 4 13 51 4 2 9 5 2 2 13 15 5 2 2 2 2 2 4 
90 67 73 90 77 67 73 82 77 90 101 99 98 90 108 107 99 102 110 108 110 110 98 130 127 136 139 110 102 149 123 110 110 127 146 120 146 157 134 101 157 123 102 102 88 101 98 101 82 108 105 105 98 104 102 128 121 88 82 77 72 82 82 72 82 82 82 88 88 88 88 82 82 88 82 90 77 65 63 67 73 67 67 67 57 57 57 57 57 67 51 32 49 51 41 49 37 20 29 36 41 41 51 29 20 12 5 4 4 7 7 9 48 4 2 25 19 2 2 13 15 11 2 2 1 7 7 7 
72 82 90 90 98 90 98 96 101 108 90 71 73 109 108 107 112 130 136 132 98 77 98 95 102 102 128 105 164 164 159 140 157 134 128 143 138 161 175 161 149 149 149 101 127 95 77 90 88 82 86 77 101 102 115 96 90 82 90 82 87 87 87 82 88 88 88 88 101 110 98 90 90 90 82 82 90 82 82 72 67 63 57 63 67 51 63 62 63 57 45 20 41 37 37 36 29 20 29 20 36 37 37 20 20 20 14 7 2 7 10 9 48 4 2 24 19 2 2 30 23 11 2 2 13 20 18 14 
72 73 82 90 102 77 82 77 72 77 82 82 82 101 88 87 88 101 88 101 107 112 121 140 138 134 109 112 98 101 108 109 146 137 128 87 101 128 138 157 145 140 128 101 105 87 101 121 121 98 99 101 96 101 101 101 101 108 108 88 90 72 65 77 67 67 67 67 73 67 74 87 87 88 67 68 82 72 88 67 67 63 67 72 63 57 57 57 41 51 32 36 21 34 45 41 20 20 29 36 37 37 41 32 37 29 29 14 12 14 6 25 47 4 2 24 19 2 2 24 51 11 2 2 24 37 37 19 
73 65 88 98 96 101 131 108 108 110 108 98 98 88 82 90 90 82 98 90 77 102 77 73 88 82 102 96 88 82 101 108 108 112 95 73 82 88 101 128 143 130 130 136 103 110 110 110 106 102 104 102 88 98 88 82 88 101 88 110 110 90 72 82 82 82 90 72 87 90 90 72 72 110 110 90 110 88 72 72 67 72 67 67 62 57 51 51 51 58 45 36 37 37 51 42 23 15 15 22 18 29 29 29 41 29 29 29 29 11 4 24 19 2 2 56 19 2 2 56 57 11 2 2 24 41 37 17 
88 87 88 108 98 88 90 102 102 88 98 107 101 82 73 98 107 98 82 107 128 105 103 108 110 88 121 101 99 101 137 121 131 136 132 161 161 139 108 115 121 98 90 110 110 98 107 146 132 108 121 112 109 121 121 130 130 101 90 90 82 98 77 72 73 63 67 72 73 82 82 73 82 82 67 82 88 72 67 67 67 72 72 63 57 51 49 37 49 51 29 20 36 42 42 29 20 10 10 10 10 18 29 36 42 37 20 20 20 14 14 14 15 2 2 41 19 2 2 56 57 11 2 2 36 51 41 19 
98 80 74 87 87 87 82 88 88 88 88 87 101 67 74 87 105 105 88 107 98 90 110 110 130 123 123 135 125 110 98 90 98 101 131 128 128 101 108 128 130 110 101 101 110 130 107 136 132 121 109 108 125 110 98 98 110 102 90 82 96 110 108 98 107 110 107 110 98 98 108 98 77 88 73 82 77 63 65 65 57 57 51 42 42 51 58 58 37 37 37 15 24 29 29 36 23 14 14 18 18 20 18 20 29 41 37 37 37 37 29 20 11 2 4 49 19 2 2 56 63 5 2 2 41 57 51 19 
90 74 140 134 130 130 77 90 98 90 108 104 102 90 77 77 63 73 77 102 95 102 102 98 101 107 128 128 88 101 121 121 96 112 107 98 82 88 88 88 90 99 82 90 88 98 77 131 121 112 130 136 146 167 149 132 128 107 157 121 110 101 108 98 101 109 115 109 108 101 98 96 127 108 88 72 96 98 98 98 88 82 67 57 57 41 49 41 45 29 29 20 24 29 29 36 29 29 29 15 18 29 20 29 29 36 36 37 37 37 29 37 20 12 23 20 11 2 4 49 51 5 2 2 56 57 57 19 
87 82 82 88 72 107 101 110 107 121 103 88 105 88 98 110 110 121 121 121 121 140 121 139 130 121 115 132 136 149 110 127 115 90 90 98 96 101 110 136 128 109 95 98 121 140 127 115 109 161 149 127 128 140 157 128 161 146 134 101 109 115 139 121 139 110 104 125 127 110 137 128 137 127 98 82 88 88 87 82 72 70 67 72 63 57 57 45 37 29 20 20 29 29 37 29 37 37 20 14 14 29 29 29 29 29 36 29 29 37 37 41 37 37 37 29 11 1 7 22 22 4 2 2 41 57 57 19 
90 87 98 121 112 108 88 101 98 98 108 107 127 108 110 130 127 98 110 130 130 102 98 82 100 96 98 98 98 115 103 107 112 102 104 110 130 137 127 125 101 121 88 73 110 102 102 107 127 131 120 115 105 80 105 105 103 101 101 82 90 108 110 110 101 101 98 101 88 67 98 88 88 87 87 88 88 71 63 88 90 71 63 63 65 62 41 57 37 20 29 29 36 37 37 36 37 36 29 20 18 20 20 18 18 20 20 29 29 29 36 42 37 37 37 29 23 23 23 29 29 2 2 2 49 57 57 19 
