217 231 236 236 236 236 236 232 232 232 232 232 232 232 232 232 233 240 240 240 240 240 232 232 232 232 232 226 232 232 232 232 232 232 240 232 236 236 232 240 233 236 236 236 232 232 232 226 232 232 232 226 226 226 226 226 226 226 226 226 226 226 215 195 186 210 186 164 181 210 210 210 210 225 227 224 224 219 219 219 210 186 210 225 184 164 174 163 116 116 128 164 116 164 164 164 164 163 174 164 164 116 164 184 204 186 186 184 164 164 164 210 225 225 225 245 248 248 248 240 240 240 240 233 233 233 240 214 
217 227 224 227 225 231 236 236 236 236 238 238 237 238 238 238 238 238 238 238 238 237 236 236 238 238 241 236 238 236 238 243 243 238 241 238 238 238 238 241 241 241 241 238 238 238 238 238 238 238 238 236 236 236 232 232 236 232 227 227 232 227 227 227 226 216 189 216 216 216 224 219 216 216 221 227 226 226 224 226 226 216 216 216 175 175 189 201 194 161 149 108 101 101 101 98 107 137 128 128 127 102 101 101 115 164 164 121 115 121 127 131 140 134 164 164 202 237 245 245 245 245 248 248 248 248 231 230 
217 219 212 201 212 227 231 231 232 231 231 236 236 236 238 238 238 238 238 238 238 238 238 238 238 238 238 243 238 238 238 243 245 243 241 241 243 243 241 241 243 241 241 243 238 241 241 241 241 241 241 241 241 241 238 238 238 236 236 236 236 232 232 227 232 227 224 224 224 224 227 224 227 227 227 227 231 231 231 231 232 232 232 232 232 226 232 226 216 216 189 175 149 149 123 110 108 109 101 107 132 128 108 108 115 109 108 107 121 109 125 125 132 127 125 132 136 164 184 210 202 184 210 202 225 225 225 221 
217 227 227 226 226 227 227 227 227 231 231 227 231 227 227 227 232 238 238 238 238 238 238 238 238 238 241 241 238 241 238 241 241 241 245 243 243 243 243 243 241 243 243 241 243 241 238 238 238 241 241 238 241 238 241 238 238 238 241 238 238 238 238 238 236 232 232 232 232 232 232 231 232 232 231 232 231 227 231 227 236 236 236 236 236 236 231 232 232 236 232 232 226 216 216 189 149 149 102 115 108 107 109 108 107 107 108 115 108 125 136 136 143 128 109 107 125 121 121 128 132 136 132 138 157 157 164 184 
217 227 227 224 227 227 224 224 227 224 212 204 204 224 227 232 236 231 224 225 231 236 236 236 231 227 236 236 238 238 241 241 241 241 243 243 243 243 241 243 241 243 245 243 243 245 243 241 241 241 243 243 243 243 241 243 241 238 238 238 238 238 238 238 238 238 238 238 236 236 236 236 232 236 232 232 232 232 231 227 232 231 231 236 236 231 231 236 236 236 236 232 232 236 232 232 226 226 216 216 189 149 110 125 110 125 108 125 136 121 128 132 127 136 149 108 132 127 110 125 136 145 137 125 157 132 125 136 
217 224 224 224 227 231 227 224 232 224 219 216 203 232 232 238 238 224 209 185 194 221 236 238 236 236 238 238 241 241 241 238 238 238 241 241 241 243 241 243 243 245 245 245 245 245 243 245 245 243 245 243 243 241 243 243 243 243 243 243 241 241 243 241 241 241 241 243 243 241 238 238 238 241 238 236 236 236 236 238 232 232 232 236 236 232 231 236 236 236 236 236 236 236 236 238 236 232 231 227 226 226 226 189 189 175 175 149 146 120 108 107 115 109 128 138 159 157 138 157 169 149 146 132 138 132 143 143 
168 224 199 193 227 236 227 227 232 224 224 224 232 232 238 236 227 224 227 227 224 227 227 236 236 236 238 238 238 238 238 238 238 238 241 241 241 241 241 243 241 241 245 243 243 245 245 245 243 243 245 243 243 243 243 243 243 243 245 245 243 243 243 243 243 243 241 243 243 245 243 241 241 245 243 241 241 243 241 243 241 238 238 238 238 238 236 236 236 236 236 236 236 236 238 238 236 236 236 231 231 231 232 232 227 224 226 226 216 189 165 149 149 108 110 115 128 109 131 128 138 134 137 157 157 145 146 157 
168 210 187 216 237 227 227 231 224 219 219 232 237 238 236 227 224 224 224 219 227 227 227 231 231 236 237 238 238 238 241 238 243 243 243 241 238 238 238 241 243 241 243 245 248 245 245 245 245 245 245 241 241 245 243 245 245 245 248 245 245 245 245 245 248 248 245 245 245 245 245 245 243 243 245 241 243 243 241 245 243 241 245 243 241 241 238 238 238 241 243 238 238 238 236 238 238 238 236 236 236 232 236 236 236 232 232 232 226 226 226 226 216 216 189 149 149 125 115 125 132 138 139 131 157 145 167 145 
168 204 221 236 238 236 232 231 194 193 219 232 238 231 224 219 219 219 224 227 227 231 227 227 224 227 227 231 227 231 236 231 237 241 241 241 241 241 241 243 243 243 243 245 245 245 245 245 245 245 245 243 243 245 243 245 248 245 245 245 245 248 245 245 245 245 245 248 248 248 248 248 245 248 248 245 245 243 243 245 248 243 243 243 243 241 243 241 241 243 243 243 243 245 241 243 241 238 238 238 238 236 236 238 241 238 241 238 241 241 243 238 236 238 238 236 240 226 226 208 197 149 161 149 137 136 157 137 
168 180 221 236 241 236 231 231 216 216 226 232 231 224 186 204 199 193 204 204 204 219 219 227 232 232 232 232 232 232 227 232 237 238 238 241 241 241 238 241 241 241 243 243 243 245 243 243 245 243 245 243 241 243 245 245 248 245 241 243 243 245 243 245 245 245 245 248 245 245 245 245 248 245 245 245 245 245 248 248 248 248 248 248 248 248 248 248 248 248 248 245 243 245 243 243 243 241 243 241 238 238 238 241 241 238 238 241 241 243 243 243 243 243 243 243 243 241 241 238 238 236 226 226 208 189 175 149 
111 169 221 238 243 238 236 227 227 232 231 231 227 200 128 164 164 167 137 157 169 185 203 216 232 231 232 236 231 231 227 236 236 236 238 238 238 238 238 238 241 238 241 241 241 241 241 241 241 241 241 241 241 243 243 241 241 238 241 243 241 241 245 243 243 245 248 245 243 245 245 245 245 245 245 248 248 248 245 248 248 248 248 248 248 248 248 248 248 248 248 248 248 248 248 248 248 248 248 248 245 245 243 243 243 243 243 243 241 241 241 243 245 245 245 243 241 241 238 243 241 238 241 241 241 241 236 232 
182 226 237 243 241 236 236 232 238 238 231 227 209 171 98 101 109 128 138 137 187 232 238 236 231 232 232 238 227 219 224 232 236 227 236 236 238 241 241 241 241 241 243 243 241 241 238 241 238 238 238 238 237 241 238 238 238 241 241 241 241 241 241 243 243 243 245 245 243 245 245 245 243 245 245 245 245 245 248 248 248 248 249 248 248 248 248 248 248 248 248 248 248 248 248 248 248 248 248 248 248 245 245 245 248 248 248 245 245 248 243 241 243 241 241 241 238 241 238 241 241 241 241 241 241 241 238 238 
217 232 241 238 236 236 236 241 243 238 236 238 224 183 110 98 107 115 121 104 221 237 238 238 231 236 238 236 226 227 232 231 227 219 227 236 237 238 237 241 238 241 241 243 241 238 238 241 238 238 241 238 238 238 238 238 238 238 238 241 243 241 238 241 241 241 241 241 241 241 243 245 245 245 243 243 245 245 245 245 243 243 245 248 245 245 245 248 248 248 248 248 248 248 248 248 248 248 248 248 248 248 248 248 248 245 245 248 248 248 245 245 248 243 245 243 241 241 241 241 241 241 238 236 236 232 238 238 
217 236 236 223 204 204 224 237 238 236 227 231 219 184 174 149 110 135 135 175 203 227 237 241 241 241 243 238 238 232 236 232 231 224 212 194 181 204 184 210 231 231 231 231 237 238 238 238 238 238 238 238 238 238 238 238 236 238 238 238 238 238 241 238 238 238 241 241 241 241 241 241 241 241 241 243 243 243 243 245 245 243 243 243 243 243 243 245 245 248 248 245 248 248 248 248 248 248 248 248 248 245 243 245 245 248 245 245 245 245 245 245 245 248 248 245 245 245 245 243 243 241 241 241 238 238 238 241 
217 231 224 194 135 203 201 224 231 227 212 219 183 109 140 167 146 215 226 232 236 232 238 241 243 243 243 243 238 238 241 238 238 231 219 224 183 185 189 187 227 226 200 164 164 230 238 238 238 238 238 238 238 238 236 238 236 236 236 238 238 241 241 243 243 241 241 238 241 243 243 243 243 243 241 241 241 241 241 241 241 243 243 241 243 243 243 243 243 245 248 245 245 245 245 248 245 245 248 248 248 245 245 248 248 248 245 245 245 248 248 248 245 245 248 248 248 245 248 248 248 248 245 245 245 243 243 243 
217 227 224 194 186 212 195 198 219 212 219 219 194 149 149 175 161 232 238 238 241 241 243 243 245 243 243 243 241 241 241 241 241 236 232 232 227 226 219 224 231 224 183 174 161 221 237 241 241 241 241 238 241 238 238 238 238 238 236 236 238 236 238 241 243 243 245 243 241 241 241 241 241 241 241 241 241 241 241 243 243 243 241 241 238 238 241 241 243 243 245 243 243 243 243 243 245 245 248 245 245 248 248 245 248 248 248 248 248 249 248 248 248 248 248 248 248 248 245 248 248 248 248 248 248 248 245 248 
217 224 219 212 216 224 226 216 226 226 226 224 226 226 226 227 226 241 241 241 243 243 245 245 245 243 245 243 245 243 243 243 243 241 238 238 238 236 224 232 231 224 216 216 216 232 241 241 241 241 241 238 238 238 238 238 231 231 231 232 236 231 236 236 238 241 245 245 243 243 238 238 238 238 238 238 238 236 238 238 238 241 241 241 241 238 241 243 243 243 245 243 243 243 243 243 243 245 245 243 243 243 243 243 243 245 248 248 248 248 248 248 248 248 248 248 248 248 248 248 248 248 248 248 248 248 248 248 
217 227 226 226 232 236 236 238 238 238 238 236 232 232 236 236 237 241 241 243 243 245 245 245 245 245 245 245 245 243 243 243 243 243 243 243 241 241 238 238 238 236 238 236 238 238 241 241 243 241 243 241 238 238 238 236 227 227 227 227 227 219 225 225 204 227 236 238 236 238 238 241 238 241 241 241 238 238 238 241 241 241 241 241 238 238 238 238 241 241 241 241 241 243 243 243 243 243 243 241 243 241 241 243 243 243 245 245 245 243 245 245 243 243 245 245 245 245 245 245 248 248 248 245 248 248 245 245 
217 238 238 238 241 243 243 241 243 243 243 243 241 238 238 238 241 241 241 243 245 245 245 245 245 245 248 245 245 245 243 243 245 245 245 243 243 243 243 241 238 241 241 238 238 241 241 243 241 241 243 241 238 238 238 238 236 236 236 231 231 226 226 226 216 216 212 210 219 210 227 236 236 231 236 236 238 238 238 237 238 238 241 241 238 241 241 241 241 241 243 243 243 243 245 245 245 245 248 245 245 243 241 241 243 243 245 245 245 245 245 245 245 245 248 245 245 243 243 245 243 243 243 243 243 245 243 245 
217 241 243 241 243 243 243 245 245 245 243 243 243 241 241 241 243 241 243 245 248 245 245 245 245 248 248 245 243 243 243 245 245 245 245 243 241 241 241 241 241 238 241 241 241 241 241 241 238 241 241 238 238 243 238 238 236 236 236 231 231 231 227 231 236 232 236 232 232 232 232 232 236 232 227 231 231 232 227 227 227 231 227 236 236 236 238 237 238 241 241 241 241 243 245 245 248 248 248 245 248 245 245 245 245 245 248 248 248 248 248 248 248 248 248 248 248 248 248 248 248 248 248 248 248 248 248 248 
217 241 241 241 241 241 241 241 243 243 245 245 243 243 243 241 243 243 243 245 245 245 245 248 248 248 245 245 243 241 245 245 245 245 243 241 238 236 238 241 241 241 238 238 241 238 241 238 238 241 241 238 238 241 238 238 236 236 232 236 236 236 232 227 231 231 236 232 238 238 236 238 238 238 236 232 232 236 236 238 236 236 236 236 236 236 232 232 238 241 238 238 238 241 243 245 245 248 248 245 245 245 245 245 248 248 248 248 248 248 248 248 248 248 249 248 248 248 248 249 249 248 249 248 248 248 248 248 
217 241 241 241 241 241 241 241 243 243 243 243 241 241 241 243 243 243 245 245 245 248 245 245 245 245 245 241 241 241 241 243 243 241 241 238 238 238 238 238 238 238 238 236 238 238 236 238 237 238 238 236 238 238 238 238 236 236 236 236 237 236 236 236 231 231 238 238 236 238 238 238 238 238 238 236 238 236 237 238 236 236 237 238 236 236 238 238 241 241 241 238 241 238 238 241 241 243 245 243 245 243 243 243 241 243 245 245 245 248 248 248 248 248 248 248 248 248 249 249 249 249 249 249 248 248 248 249 
217 243 243 243 241 243 243 241 241 243 243 241 241 241 241 241 241 243 245 241 243 241 243 243 241 241 241 241 236 238 238 241 241 238 238 238 238 238 238 238 238 238 238 238 236 236 236 236 236 236 236 231 236 236 231 236 232 231 236 238 238 238 238 241 238 236 238 238 238 238 238 241 238 238 238 238 238 236 236 238 236 236 238 241 238 238 238 237 241 236 238 236 238 238 238 238 241 238 238 238 241 241 241 243 238 238 241 241 241 245 245 245 245 248 248 248 248 248 248 248 248 249 249 248 248 248 248 248 
217 245 245 245 243 241 243 241 243 241 243 243 243 241 243 243 243 243 243 241 243 241 241 243 241 238 241 238 238 238 238 238 238 238 238 238 238 238 238 238 241 241 241 241 238 238 236 236 236 232 231 231 231 231 231 231 236 236 238 236 232 238 238 236 237 238 241 238 241 241 238 236 238 238 238 238 238 238 238 241 238 238 238 241 238 238 238 236 238 236 238 238 238 238 238 241 241 241 241 238 238 238 238 238 241 238 241 241 238 241 241 241 243 245 245 245 245 245 245 245 245 245 248 248 248 248 248 248 
217 245 245 248 248 245 245 243 243 245 245 245 245 245 245 245 245 245 243 243 243 243 241 241 241 241 243 243 241 238 238 238 238 236 236 236 236 236 236 238 238 241 241 243 241 241 238 238 236 236 236 232 231 232 232 231 236 238 241 238 236 236 238 236 231 236 238 236 236 237 237 238 238 238 236 236 236 236 236 241 238 238 237 241 241 241 238 238 238 238 241 241 241 241 241 241 241 241 243 241 241 238 241 241 243 243 241 243 241 241 241 241 243 241 241 241 241 241 243 243 245 245 245 243 243 245 245 245 
217 248 248 248 248 248 248 248 245 245 245 245 245 245 243 243 243 245 245 243 245 243 243 241 241 238 241 238 238 238 238 238 237 238 236 236 236 236 236 238 238 238 238 241 241 238 238 238 236 238 238 236 232 236 232 232 236 238 238 241 238 236 232 236 232 232 236 236 236 236 232 236 236 237 238 231 232 232 236 236 238 236 236 238 241 241 238 241 238 238 241 238 238 238 238 238 241 241 241 241 238 241 241 243 241 241 241 241 243 243 243 243 243 241 245 241 241 243 243 243 243 243 243 243 243 245 248 245 
217 245 248 248 248 248 245 248 245 245 245 243 243 243 241 241 241 241 243 243 243 245 241 241 241 238 238 238 238 238 236 236 236 232 236 236 236 236 236 236 236 236 236 237 238 238 236 237 238 238 238 238 238 236 236 236 236 236 236 236 236 231 231 231 231 231 232 231 227 227 227 227 232 231 236 236 231 227 231 236 236 231 236 236 237 241 241 238 241 238 238 238 238 238 236 238 241 241 241 241 238 238 237 241 243 241 243 241 243 241 243 243 243 243 243 243 243 245 245 243 245 243 245 245 248 248 245 245 
217 241 241 243 241 243 245 243 245 245 245 243 243 245 243 243 243 241 241 241 243 243 241 238 238 238 238 238 238 238 238 238 238 238 238 236 236 236 236 238 238 238 238 238 236 238 236 236 236 237 241 243 243 238 231 231 231 231 231 231 232 232 232 236 236 236 236 236 231 232 232 236 232 236 232 232 236 232 232 232 232 232 231 232 237 241 238 238 238 241 241 238 236 238 236 238 238 241 241 241 238 238 238 241 241 241 241 243 243 243 241 243 243 241 243 245 248 248 248 245 248 245 248 248 248 248 248 248 
217 241 241 238 238 238 241 241 241 241 243 245 245 245 245 243 243 243 243 241 241 241 241 238 238 238 241 238 238 238 238 241 238 241 238 241 241 238 238 238 238 236 238 238 238 238 236 236 236 236 237 238 241 238 236 236 232 236 232 236 232 236 236 238 238 238 238 238 238 238 241 238 238 238 238 236 238 238 238 238 238 238 236 232 236 236 236 238 238 238 243 243 241 241 241 243 243 241 238 238 238 238 238 238 238 238 241 241 241 241 241 243 243 241 243 248 248 248 248 248 248 248 249 248 248 248 248 249 
217 243 243 243 241 243 241 241 238 241 241 243 241 245 245 245 245 245 243 241 241 241 241 241 238 241 241 238 238 238 241 243 241 241 241 241 241 241 241 238 238 238 237 238 238 238 236 236 238 236 236 236 236 236 236 236 236 238 238 238 238 238 238 241 241 243 243 241 241 241 241 243 243 243 243 241 243 238 241 238 238 238 238 238 238 238 236 238 241 241 241 245 243 245 243 245 245 245 243 241 241 241 238 241 241 241 241 241 241 241 241 241 243 243 245 248 248 248 248 248 249 249 248 248 248 248 248 249 
217 245 245 245 245 245 243 243 243 243 243 241 241 241 241 241 241 243 241 241 241 238 238 241 241 241 241 241 238 241 243 241 238 238 241 241 241 241 238 236 238 238 238 238 238 238 236 236 236 238 238 238 236 236 236 236 236 238 241 241 238 241 241 243 243 241 245 245 243 243 245 245 245 243 245 243 243 241 241 243 243 238 238 241 241 241 238 241 241 243 245 245 245 248 248 248 248 245 245 241 243 241 241 241 245 245 243 241 241 241 241 243 243 245 245 248 248 248 248 248 249 248 248 249 248 248 249 249 
217 243 245 248 245 245 243 245 245 245 245 243 243 243 241 241 238 238 238 238 238 241 238 238 238 236 237 238 238 238 238 238 241 238 241 241 241 238 238 238 238 238 238 238 241 238 238 236 236 236 238 238 238 238 238 238 237 241 241 241 238 241 241 241 243 243 245 243 243 243 243 248 248 245 243 241 241 241 241 243 243 243 241 241 241 241 243 243 245 243 245 245 248 248 248 248 248 248 245 243 243 243 245 245 243 243 243 241 241 241 243 243 248 248 248 245 248 248 248 248 248 249 249 249 249 249 249 249 
217 245 245 245 245 248 242 83 83 83 83 155 83 116 83 83 83 230 243 238 238 238 238 238 238 238 238 238 236 237 238 238 238 238 241 241 238 241 238 241 238 238 241 241 241 243 241 238 236 241 241 238 241 243 243 241 238 238 241 241 241 241 241 241 241 241 245 245 245 245 243 245 243 243 243 243 243 243 241 243 245 243 245 245 245 248 245 243 245 248 248 248 248 248 248 249 249 248 245 243 245 248 248 248 245 241 241 241 243 243 243 245 248 245 248 245 248 248 248 248 248 249 249 249 249 249 249 249 
217 241 245 248 248 248 248 61 29 36 29 26 29 44 51 41 37 44 230 243 243 238 238 238 238 238 241 238 238 238 236 236 238 238 238 236 236 236 236 236 238 236 238 241 243 241 243 243 241 238 241 243 241 243 243 241 241 238 241 241 241 243 243 241 243 241 243 245 245 248 245 245 245 243 243 241 241 241 241 241 241 241 245 248 245 248 248 248 248 245 248 248 249 249 249 249 249 249 248 245 248 248 248 248 243 241 241 243 243 243 243 245 245 245 248 248 248 248 248 248 248 249 249 249 249 249 249 249 
217 241 243 245 248 248 248 220 20 29 37 29 41 41 41 41 37 37 44 230 243 243 241 238 238 238 238 241 241 238 236 236 238 236 236 232 236 232 232 236 232 236 236 236 238 241 243 245 243 241 243 243 243 243 241 241 238 238 238 241 241 241 241 241 243 245 245 245 245 245 245 245 243 243 243 243 241 243 241 241 243 241 245 248 245 248 249 249 249 249 249 248 249 250 249 249 249 249 248 248 248 249 248 245 243 241 243 243 243 245 245 245 245 245 248 248 248 248 248 248 248 249 249 249 249 249 249 249 
217 241 243 243 245 248 248 239 35 29 29 36 41 41 41 41 41 37 37 44 230 245 243 241 238 238 236 236 238 236 236 231 236 236 236 232 232 236 236 236 231 236 236 232 236 238 241 243 241 238 241 241 245 245 243 241 241 236 238 238 238 238 241 241 241 243 245 243 241 241 241 243 243 241 241 241 243 243 243 243 243 243 243 243 245 248 248 249 249 249 250 249 249 249 249 250 250 249 249 248 245 248 245 243 243 243 243 245 243 245 243 245 245 248 248 248 248 248 248 248 248 248 249 249 249 249 249 249 
217 243 243 243 245 245 248 245 156 29 29 29 36 41 41 41 41 41 41 37 44 230 243 241 238 236 236 236 236 236 236 232 236 236 236 236 236 236 236 236 236 236 236 236 236 236 236 238 241 241 241 241 243 243 243 241 238 238 238 236 237 238 238 238 238 243 241 241 241 243 243 241 243 241 243 241 238 241 237 241 243 241 243 243 243 243 243 248 249 249 250 249 249 249 249 249 249 248 248 245 245 245 243 245 243 243 245 245 245 245 243 245 245 245 248 248 248 248 248 248 248 248 249 249 249 249 249 249 
217 243 243 245 243 243 245 248 239 23 29 29 37 37 41 49 51 41 49 37 37 44 230 243 241 238 238 238 238 236 236 236 238 238 238 238 241 238 238 238 238 236 238 238 236 236 236 236 238 241 243 243 241 238 238 238 238 236 236 236 236 236 238 238 238 241 241 238 241 241 238 241 241 238 241 241 243 243 241 243 241 241 241 243 245 245 241 243 243 248 249 249 249 249 249 249 248 248 245 241 243 243 243 245 243 243 245 245 245 245 245 245 245 248 248 245 248 248 248 248 248 248 248 249 248 249 249 249 
217 241 241 243 245 245 243 245 248 78 29 29 29 36 41 49 51 41 41 37 37 41 44 230 245 241 238 238 238 238 236 238 238 238 237 238 237 238 238 236 238 238 238 238 236 236 231 232 236 236 238 241 238 236 236 236 236 236 236 236 236 238 238 238 238 238 241 238 238 238 238 241 241 241 243 243 243 243 245 245 245 245 245 245 245 245 245 245 243 243 245 248 249 248 248 249 249 248 248 245 245 245 245 245 243 243 245 245 245 245 245 245 248 245 245 245 245 245 248 248 248 248 248 248 248 248 249 249 
217 241 241 241 243 243 243 245 245 220 20 29 29 29 36 41 37 41 37 37 37 37 37 44 230 245 243 241 243 238 236 238 238 238 238 238 238 238 238 238 238 236 238 238 236 236 236 236 236 231 236 236 236 236 236 236 232 232 236 236 238 238 238 238 241 238 238 238 241 241 241 243 245 245 245 243 245 245 245 245 245 245 248 248 248 248 248 248 248 245 245 245 245 245 248 248 248 248 248 248 248 245 245 248 245 245 245 245 245 248 245 248 245 245 245 245 245 245 245 248 245 248 248 248 248 248 248 249 
217 243 241 241 241 241 241 243 245 241 61 20 29 29 36 37 37 36 41 41 37 37 36 37 44 230 248 243 243 238 238 241 238 238 238 241 238 238 238 241 241 238 238 241 238 238 238 238 236 236 232 236 236 236 236 236 236 231 232 236 236 236 238 238 238 236 241 241 243 243 245 245 245 245 245 243 243 245 245 245 245 245 245 243 245 245 245 245 245 245 245 245 248 248 248 248 248 248 248 248 248 248 248 248 248 248 248 245 248 248 245 245 248 248 248 245 245 245 245 245 248 245 248 248 248 248 248 249 
217 241 241 241 243 243 243 243 248 248 220 20 29 29 29 37 37 41 37 37 37 37 37 37 37 44 230 248 248 243 243 243 243 241 243 241 241 241 241 241 243 241 241 241 241 241 238 238 238 238 236 236 236 236 236 236 236 231 232 232 231 231 236 236 236 238 241 241 243 241 241 243 245 245 245 243 241 241 241 245 248 245 243 245 243 245 243 245 248 248 249 248 248 248 248 248 248 249 249 248 249 248 248 249 249 249 249 248 248 249 248 248 248 245 248 248 248 245 245 245 245 248 248 248 248 248 248 248 
217 241 243 243 245 245 248 248 248 248 248 35 20 29 37 29 37 37 36 37 37 37 37 37 36 37 44 230 249 248 245 248 245 243 243 243 241 241 243 241 241 238 243 243 243 241 241 241 241 238 238 236 236 236 236 232 232 231 227 231 232 231 236 236 236 236 238 241 241 238 238 241 243 243 245 241 243 243 243 241 243 241 243 245 245 248 245 245 248 248 248 249 249 249 249 249 249 249 249 249 249 249 249 249 249 249 249 249 249 249 248 248 248 248 248 248 248 245 245 245 245 248 248 248 248 248 248 248 
217 243 245 245 248 248 248 249 249 249 249 156 20 29 20 29 36 37 37 37 37 37 41 41 37 37 37 44 230 249 248 248 248 245 245 243 245 243 245 243 243 243 241 241 243 241 238 238 238 237 238 236 236 236 236 231 231 232 231 232 231 232 236 231 231 236 236 236 238 238 241 241 241 241 241 243 243 245 245 245 243 243 245 245 248 248 248 248 249 248 248 248 248 249 249 249 249 249 249 249 249 249 249 249 250 250 250 250 249 249 249 249 249 249 248 248 248 248 248 248 248 248 248 248 248 248 248 248 
217 243 245 245 248 248 248 249 249 250 250 239 35 29 29 29 37 37 41 37 41 37 41 41 41 41 41 37 44 230 249 248 248 248 248 245 245 243 245 243 243 243 243 241 241 241 241 241 241 238 238 238 236 238 236 236 236 231 232 231 232 231 236 236 236 236 236 236 237 238 241 243 241 238 241 243 245 245 248 248 245 243 245 245 245 245 248 249 249 249 249 249 249 249 249 249 249 249 250 249 249 249 249 250 250 250 250 250 250 250 249 250 250 249 250 249 249 249 248 248 248 249 249 248 249 249 249 249 
217 248 248 248 248 248 248 249 249 249 250 250 156 36 42 58 59 87 100 100 182 142 131 159 172 172 100 100 175 114 248 248 248 248 248 245 245 245 245 245 245 245 245 243 243 243 243 243 238 238 241 241 241 241 238 238 236 231 236 231 236 236 236 236 236 236 238 238 238 238 241 238 238 238 243 245 245 245 248 248 248 245 245 245 245 248 248 248 248 248 249 249 249 249 249 249 249 249 249 249 249 249 249 249 250 250 250 250 250 250 250 250 249 250 250 249 249 249 249 249 249 249 249 249 249 249 249 249 
217 248 248 249 249 248 248 249 249 249 250 250 239 77 106 95 71 130 130 135 166 142 187 216 175 192 175 161 196 208 241 248 248 248 248 245 245 245 245 245 245 245 248 245 248 248 245 245 243 243 243 243 241 243 241 238 236 236 236 232 236 236 236 238 236 236 238 238 238 238 236 236 238 238 243 245 245 245 248 248 248 248 248 248 248 248 248 248 249 249 249 249 249 249 249 249 249 250 250 249 249 249 249 249 250 250 250 250 250 250 250 250 250 249 250 249 249 249 249 249 249 249 250 250 249 249 249 249 
217 249 249 249 249 249 248 249 248 249 249 249 250 156 169 171 5 4 50 151 156 35 8 168 78 8 50 17 66 237 243 241 248 248 248 248 248 248 245 248 245 245 248 248 248 245 245 248 248 245 245 245 245 245 243 241 241 238 238 236 236 236 236 236 236 238 236 238 236 238 236 236 238 238 241 243 245 245 245 248 248 248 248 248 245 248 248 249 249 249 249 249 249 249 249 248 230 248 249 249 249 249 249 250 250 250 250 250 250 250 249 249 249 249 250 250 249 249 249 249 249 249 249 249 249 249 249 249 
217 249 249 249 249 249 249 249 248 249 249 249 250 239 138 169 76 4 44 83 152 113 5 25 220 5 44 83 83 202 243 241 241 245 248 248 248 248 248 248 245 245 245 245 245 245 248 248 248 248 248 248 248 248 243 243 241 241 238 238 238 236 236 236 236 236 236 236 238 238 238 238 236 238 237 241 241 243 245 245 245 243 245 245 245 248 249 249 249 249 249 249 249 250 249 119 74 168 237 241 249 249 249 249 248 248 249 250 250 249 249 249 249 249 249 249 248 248 249 249 249 249 249 249 249 249 249 249 
217 249 250 249 249 249 249 249 248 249 249 249 249 249 176 157 167 35 4 66 203 196 78 4 66 78 4 126 35 8 230 243 238 241 248 248 248 248 248 248 248 248 245 245 245 245 245 245 245 243 243 245 248 245 245 243 241 241 243 241 238 236 236 236 236 231 232 236 238 238 238 238 238 238 238 238 241 241 243 243 243 241 241 241 245 248 249 249 249 249 250 249 250 250 191 42 49 158 181 181 230 248 249 249 249 245 241 245 245 249 249 249 249 249 249 248 248 248 248 245 249 249 249 249 249 249 249 248 
217 234 249 249 249 249 249 249 248 249 249 249 249 250 220 121 140 124 12 39 164 204 197 43 43 197 43 43 43 43 217 246 237 238 236 246 248 248 248 248 248 248 248 248 248 248 248 245 245 245 245 245 245 243 243 241 241 238 243 241 236 238 236 236 236 231 232 232 238 238 241 241 241 241 241 238 238 241 241 243 241 238 236 152 230 248 246 246 246 246 246 246 246 229 54 49 196 173 142 159 164 202 246 249 250 249 248 243 241 241 248 249 249 249 249 249 248 248 243 238 237 241 241 241 236 237 236 236 
84 208 237 249 249 249 249 249 248 248 249 250 250 252 229 22 15 15 22 22 22 22 38 38 38 38 38 38 38 38 38 38 22 22 22 22 83 222 234 249 249 249 249 248 248 248 248 248 248 248 248 248 248 245 243 243 243 241 241 241 238 238 238 236 236 236 231 232 236 238 241 243 241 241 243 238 241 241 241 241 236 234 184 86 102 38 114 226 226 233 233 233 184 160 208 150 177 165 169 112 98 107 178 237 245 248 248 245 243 243 241 245 249 249 249 249 248 245 238 231 227 231 231 227 224 219 219 219 
56 230 227 249 249 249 249 249 248 245 249 249 250 252 191 7 7 7 10 10 7 10 7 50 113 55 150 50 113 85 76 14 14 14 10 14 10 10 10 38 83 222 234 236 244 245 231 237 246 246 225 241 248 248 245 245 243 243 243 241 238 238 238 238 236 236 236 232 236 238 241 241 241 241 241 241 238 234 155 184 163 175 175 172 226 35 13 230 155 83 207 242 28 196 234 238 226 194 139 88 107 110 135 224 237 237 241 241 238 241 241 241 241 248 249 249 248 241 236 231 227 224 224 219 212 212 212 212 
56 230 236 245 249 249 249 249 248 248 249 249 250 252 191 7 7 10 10 7 7 7 7 66 75 81 147 118 113 144 156 15 14 14 14 14 14 14 14 10 14 7 22 83 222 246 214 248 239 233 208 191 114 249 248 248 245 245 245 243 241 241 238 238 236 236 236 232 236 236 238 236 222 222 155 83 38 15 10 14 22 38 38 10 38 16 4 8 7 7 25 155 10 83 49 144 234 220 196 149 135 195 193 212 224 227 237 238 237 241 238 238 238 237 241 248 243 238 231 227 224 219 212 201 201 199 201 212 
68 247 243 248 249 249 249 249 249 249 249 250 250 252 191 7 10 14 14 14 14 7 7 22 83 26 83 38 83 38 31 18 18 18 18 18 18 18 14 14 18 14 14 14 18 22 38 83 222 234 234 191 66 234 234 234 234 234 234 222 234 234 222 225 222 202 155 83 83 38 38 38 15 15 15 15 18 18 18 20 20 20 20 23 12 14 7 7 7 10 23 7 13 30 63 74 47 66 242 105 181 215 205 219 224 236 241 243 245 243 238 238 238 238 236 237 238 238 227 224 219 205 201 190 190 193 193 190 
49 217 249 249 249 249 249 249 249 249 249 249 249 250 239 154 79 208 192 172 155 46 43 79 79 79 79 154 154 154 154 154 154 154 208 208 208 208 208 208 208 208 208 208 208 208 208 208 208 208 208 154 154 154 208 154 154 154 154 79 79 117 79 196 39 151 156 39 39 39 43 43 39 43 43 43 43 43 43 79 39 39 41 41 37 37 29 23 14 10 26 7 7 18 10 8 22 10 87 45 56 74 202 226 226 237 241 245 249 249 248 243 241 238 241 232 232 231 219 212 205 190 190 190 185 185 185 190 
56 230 248 246 249 249 249 249 249 249 250 250 250 246 222 83 16 8 10 14 14 14 230 249 249 249 248 248 249 249 249 249 249 249 246 222 222 249 249 249 249 249 249 249 249 249 249 249 237 249 249 249 249 249 249 249 249 249 249 245 248 249 246 246 248 248 248 246 234 246 248 234 222 242 222 223 202 242 202 229 202 230 240 240 233 233 208 208 154 154 79 43 39 39 23 17 14 14 18 31 18 26 10 38 155 234 249 249 249 249 249 249 245 243 238 237 237 236 189 203 193 190 190 195 190 180 180 180 
56 230 248 223 247 249 249 250 250 249 250 234 83 16 7 7 4 4 10 20 20 20 217 249 249 249 248 248 249 249 249 249 249 229 16 126 35 114 234 234 246 249 249 249 249 249 249 249 243 249 249 249 249 249 249 249 249 249 249 176 220 247 156 192 249 191 168 156 148 152 249 156 230 156 220 122 155 179 230 179 217 249 249 249 249 249 249 176 230 250 249 238 240 240 240 233 208 208 154 154 154 79 43 39 14 15 38 83 222 234 249 250 250 249 245 240 232 236 236 226 216 195 216 212 219 216 216 195 
75 240 248 234 244 250 250 246 223 155 83 6 7 7 7 7 7 4 7 18 18 20 126 249 249 248 248 248 248 249 249 148 192 124 126 244 239 46 182 212 206 249 249 249 249 249 249 249 242 249 249 249 249 249 249 249 249 249 249 220 202 217 242 171 230 191 117 220 197 197 247 220 247 220 202 179 208 230 202 207 168 230 249 249 249 249 249 239 244 249 249 237 248 249 237 249 249 249 249 249 249 249 249 249 240 233 208 154 79 39 38 155 222 249 250 249 243 238 238 238 236 226 226 226 226 224 224 212 
85 237 243 89 230 252 235 181 64 4 4 4 4 4 4 10 6 4 7 15 15 18 126 249 248 248 248 248 248 249 249 239 226 220 23 234 222 35 217 240 244 248 249 248 245 248 248 248 243 248 249 249 249 249 249 249 249 249 249 249 248 249 249 248 249 243 249 249 248 249 249 248 249 249 240 249 249 248 248 249 240 244 249 249 249 249 249 249 249 249 249 240 240 240 244 248 248 248 248 248 249 249 249 249 249 250 250 250 250 250 240 233 208 154 210 234 246 245 243 238 241 243 238 236 232 232 231 224 
217 247 239 45 217 252 239 183 47 4 4 4 4 4 4 7 7 7 7 15 10 13 66 248 248 248 248 245 248 248 248 248 248 248 239 208 154 233 248 248 248 248 248 248 248 248 246 245 246 246 246 248 248 248 248 248 246 248 248 248 248 248 248 248 248 248 248 249 249 249 249 248 248 249 249 249 249 249 249 249 249 249 249 249 249 249 249 249 249 249 249 249 249 249 249 249 249 248 248 245 245 248 248 242 234 225 225 225 225 250 250 249 250 250 250 249 240 240 243 243 243 248 248 245 238 223 225 204 
217 213 249 156 217 252 249 229 76 4 4 4 4 13 14 14 23 23 39 43 43 79 154 249 248 248 248 248 245 246 246 246 234 234 234 225 225 225 225 224 219 210 194 164 164 164 140 134 105 70 87 87 87 87 87 87 87 87 87 87 87 87 105 116 116 116 114 155 155 202 202 222 222 234 234 234 234 234 234 234 234 234 246 246 246 246 246 246 246 246 246 246 246 246 246 246 246 246 246 246 246 246 246 238 231 192 226 215 237 248 248 246 246 246 248 246 246 246 249 249 245 241 235 231 237 231 224 226 
217 155 247 156 126 252 223 163 47 4 4 2 4 126 240 240 240 240 248 248 235 237 237 241 236 231 231 232 226 216 174 180 186 186 186 185 199 199 205 224 219 209 134 105 87 87 70 63 45 51 57 57 63 63 73 73 77 77 77 77 72 90 72 73 90 82 82 90 90 90 77 82 82 82 72 72 72 82 82 82 73 90 98 80 74 87 87 105 105 140 172 215 226 226 224 227 224 224 216 216 189 189 189 216 89 39 43 79 196 236 236 226 233 240 240 240 249 250 250 250 248 243 248 248 245 245 243 243 
217 62 168 156 114 247 220 149 76 4 4 4 4 25 230 249 249 249 249 249 249 249 249 249 249 249 249 249 249 240 171 169 169 169 177 169 177 185 198 219 212 116 73 65 63 72 72 72 77 57 73 90 90 101 107 121 130 136 132 82 82 101 72 96 103 73 108 98 98 131 103 107 135 175 175 175 161 161 137 70 67 58 59 37 20 18 15 15 10 10 24 74 163 210 225 225 237 243 243 245 249 249 248 249 248 248 250 250 250 250 250 250 250 250 252 250 250 250 250 250 250 250 250 250 250 249 245 245 
217 61 126 220 65 230 223 159 182 61 23 7 4 2 126 249 249 249 249 249 249 249 249 249 250 250 250 250 246 210 190 180 185 177 177 91 187 203 199 180 177 175 175 174 123 110 130 145 139 90 98 101 93 96 99 87 70 82 88 82 82 87 67 67 72 82 82 72 72 86 175 177 181 164 134 128 103 88 67 72 67 67 57 57 57 41 41 30 30 30 69 123 110 187 186 203 232 241 245 248 249 249 249 249 249 249 250 250 250 250 250 250 250 250 252 250 250 250 250 250 250 252 252 250 250 252 250 248 
217 45 168 239 123 202 147 87 74 54 49 71 27 12 25 247 249 249 249 249 249 249 249 250 250 250 249 225 186 186 186 177 181 180 180 89 180 190 177 157 169 177 180 180 174 157 167 169 134 139 88 88 51 58 42 56 32 56 67 63 67 63 63 67 67 67 72 86 161 180 169 167 145 125 132 102 110 90 65 82 72 63 67 63 62 63 69 79 154 208 192 199 180 180 185 216 232 241 248 249 249 249 249 249 249 249 250 250 250 250 250 250 250 250 252 250 250 250 250 250 250 252 252 250 250 250 250 250 
111 37 151 247 220 99 75 40 29 37 42 72 51 56 233 230 249 249 249 249 249 249 249 250 250 246 224 189 180 189 189 174 189 185 173 75 190 190 180 180 174 185 180 185 171 146 157 140 165 165 123 62 29 18 20 20 29 56 67 63 63 63 63 63 73 129 208 197 187 190 189 189 185 174 185 174 161 149 149 149 123 110 110 135 175 204 188 225 225 210 194 216 216 216 183 221 237 243 243 248 249 249 249 249 249 249 250 250 250 250 250 250 250 250 252 250 250 250 250 250 250 250 252 250 250 250 250 250 
160 95 182 242 184 91 144 32 29 20 41 62 49 129 237 227 249 249 249 249 249 250 250 249 229 202 232 240 226 204 155 83 83 83 83 44 83 83 100 155 172 172 172 172 171 187 189 187 223 202 246 220 65 57 55 57 23 56 63 57 57 63 86 154 233 232 231 209 216 205 212 219 212 212 219 219 219 216 205 216 189 189 216 216 216 195 189 216 216 216 233 240 240 245 226 221 238 245 249 249 249 249 249 249 250 250 250 250 250 250 250 250 250 250 252 250 250 250 250 250 250 250 250 250 250 250 250 250 
182 197 244 242 103 93 122 23 29 20 44 62 56 217 223 174 247 249 249 249 250 250 222 83 70 73 168 245 249 248 220 7 4 4 4 4 4 4 4 4 4 4 4 154 208 208 208 216 155 155 202 202 197 208 208 154 154 154 154 123 129 208 240 241 238 238 238 233 232 227 224 227 226 232 232 232 232 226 226 226 226 226 233 233 155 240 240 240 245 245 248 248 249 249 240 240 245 248 249 249 249 249 249 250 250 250 250 250 250 250 250 250 250 250 252 250 250 250 250 250 250 250 250 250 250 250 250 250 
144 163 228 229 42 58 179 45 41 29 36 51 57 217 243 183 221 249 241 119 164 83 49 129 52 87 217 248 249 235 250 154 35 4 4 4 4 2 2 4 2 2 126 249 249 248 248 229 79 129 208 208 236 200 210 225 225 225 225 234 234 246 246 246 223 114 237 234 202 232 233 233 183 189 233 248 248 248 248 248 248 248 249 249 61 247 249 249 249 249 249 249 249 249 249 249 248 249 249 249 249 249 249 250 249 250 250 250 250 250 250 250 250 250 252 250 250 250 250 250 250 250 252 250 250 250 250 250 
218 92 178 191 29 75 244 61 36 29 37 41 75 233 237 220 230 249 240 156 37 20 49 168 61 75 178 246 249 226 247 253 220 7 4 4 4 2 2 4 2 50 249 248 243 241 238 220 237 248 249 249 238 231 238 241 238 236 227 236 232 232 227 209 197 154 226 208 233 228 221 223 163 221 245 248 248 249 249 249 249 249 249 249 240 249 249 250 249 249 249 249 249 249 249 249 249 248 249 249 249 249 249 249 249 250 250 250 250 250 250 250 250 250 252 250 250 250 250 250 250 250 252 250 250 250 250 250 
217 103 182 156 30 114 184 54 29 36 45 49 126 234 230 249 233 249 191 54 49 29 69 196 61 75 156 58 230 245 249 252 239 154 43 12 7 4 2 2 50 244 248 243 238 238 236 231 226 227 225 225 178 221 236 236 231 225 227 231 231 231 188 232 236 223 223 247 235 209 212 142 225 235 237 245 248 248 249 249 249 249 249 249 249 249 249 250 249 249 249 249 249 249 249 249 249 249 248 249 249 249 249 249 249 249 250 250 250 250 250 250 249 250 250 250 250 250 250 250 250 250 252 250 250 250 250 250 
122 96 218 54 29 75 156 56 45 41 56 77 168 223 221 246 249 229 54 36 42 36 217 223 54 66 197 150 126 245 243 242 230 245 245 240 208 154 43 43 244 248 241 231 231 231 231 225 219 184 164 180 196 231 231 232 240 209 221 214 226 240 233 236 223 178 239 178 232 171 178 200 105 172 164 210 237 246 248 249 249 248 249 249 249 249 249 250 249 249 249 249 249 249 249 249 249 250 249 248 249 235 247 249 248 249 250 250 250 250 250 250 250 250 250 250 250 250 250 250 250 250 250 250 250 250 250 250 
122 96 119 29 41 111 119 57 42 56 72 80 151 189 237 237 223 89 37 42 29 41 168 239 61 106 140 220 75 230 243 153 225 245 245 245 245 245 245 241 241 235 210 224 232 232 224 194 164 129 197 221 238 236 238 238 243 231 240 219 232 249 250 248 159 118 147 196 232 214 166 119 73 96 157 228 200 116 178 248 248 248 249 249 248 249 249 250 249 249 249 249 249 249 249 249 249 250 250 249 248 214 247 249 248 248 250 250 250 250 250 250 250 250 250 250 250 250 250 250 250 250 252 250 250 250 250 250 
218 90 55 55 65 111 49 63 41 42 68 63 114 247 246 236 119 42 37 30 41 56 68 247 156 59 75 191 75 188 241 179 114 241 237 241 241 235 231 236 223 184 198 219 227 225 184 138 175 226 207 226 241 235 237 243 235 163 232 240 245 249 250 242 197 70 118 214 223 230 156 72 72 82 158 239 153 67 96 230 248 248 249 248 235 237 248 249 249 249 249 249 249 249 249 249 249 250 250 250 248 197 221 248 247 249 249 250 250 250 250 250 250 250 250 250 250 250 250 250 250 250 250 250 250 250 250 250 
217 226 156 75 150 93 63 82 57 51 49 57 96 247 220 70 62 42 29 41 69 71 75 230 220 55 74 220 74 163 228 239 123 223 221 236 210 184 204 184 189 171 144 181 178 180 134 182 226 227 233 241 241 243 241 231 227 208 237 248 249 246 246 163 70 63 75 229 116 168 119 57 68 208 188 191 87 72 74 207 221 245 249 248 239 225 202 202 249 249 249 249 249 249 249 249 249 250 250 250 245 236 213 245 249 249 249 250 250 250 250 250 250 250 250 250 250 250 250 250 250 250 250 250 250 250 250 250 
168 248 78 126 235 156 208 92 51 49 77 67 88 247 229 49 37 20 20 49 74 62 72 230 242 121 87 247 150 175 163 234 184 226 213 237 164 200 88 104 204 171 129 173 105 87 129 216 238 238 243 245 243 241 231 223 204 237 248 249 223 74 182 119 56 88 102 58 69 49 68 72 129 230 223 88 73 135 179 114 178 248 249 249 242 153 129 176 202 249 250 249 249 249 249 249 249 249 250 250 242 237 248 248 249 250 250 250 250 250 250 250 250 250 250 250 250 250 250 250 250 250 250 250 250 250 250 250 
144 230 94 151 178 194 249 220 42 42 111 93 73 155 70 56 51 41 41 57 151 124 65 221 249 165 90 230 239 221 91 70 182 223 147 133 73 196 197 196 200 116 217 239 106 208 232 238 243 243 243 245 242 231 227 209 174 221 248 242 70 56 230 156 82 111 64 58 36 58 111 197 218 207 89 73 88 182 191 82 217 249 250 249 229 103 155 70 111 247 250 249 249 249 248 249 249 249 249 250 248 232 245 248 249 249 250 250 250 250 250 250 250 250 250 250 250 250 250 250 250 250 250 250 250 250 250 250 
179 217 176 230 171 233 250 156 36 49 96 112 99 54 63 57 37 41 63 62 217 89 58 207 229 144 70 230 252 223 67 96 178 156 73 80 96 116 244 191 70 126 233 191 75 225 241 245 248 245 245 243 184 189 236 233 240 248 250 229 49 106 213 70 67 67 45 34 50 63 87 207 230 223 72 73 90 215 70 68 228 250 250 242 116 171 72 67 168 250 249 246 246 249 248 249 249 249 249 249 249 238 248 249 249 249 250 250 250 250 250 250 250 250 250 250 250 250 250 250 250 250 250 250 250 250 250 250 
217 221 119 202 178 237 246 220 41 73 77 74 67 42 56 67 51 49 67 63 182 150 82 178 229 68 71 114 237 229 90 130 233 156 73 80 82 111 229 70 129 118 223 70 126 197 236 245 248 238 238 241 216 232 241 245 235 234 222 89 56 169 89 75 45 58 51 41 97 57 75 244 242 119 63 96 208 153 88 75 200 247 242 89 175 72 82 86 196 247 242 116 217 249 248 248 245 248 249 250 249 235 230 249 249 249 250 250 250 250 250 250 250 250 250 250 250 250 250 250 250 250 250 250 250 250 250 250 
217 230 156 86 233 221 240 179 49 74 131 134 67 41 65 62 29 65 51 68 218 119 72 151 179 36 63 96 214 229 107 87 228 89 82 67 72 75 191 68 217 220 72 65 182 189 228 248 249 200 172 232 248 236 243 184 70 62 51 42 57 59 63 86 61 41 57 49 96 73 67 230 147 73 77 126 244 120 88 75 223 247 191 67 87 90 102 187 200 228 147 63 126 249 242 225 223 230 249 250 249 248 213 247 250 250 250 250 250 250 250 250 250 250 250 250 250 250 250 250 250 250 250 249 250 250 250 250 
217 230 89 182 243 244 249 220 72 88 82 77 77 90 108 45 56 88 67 86 208 88 72 168 191 45 67 73 207 228 96 175 153 65 72 75 89 74 156 57 111 223 65 168 206 239 248 235 248 197 118 225 235 230 249 220 57 63 62 49 65 77 68 62 49 63 62 68 57 73 160 166 67 74 197 196 229 82 96 217 239 228 89 72 82 135 233 240 198 119 63 90 118 249 250 226 171 178 249 249 249 249 243 245 250 249 250 250 250 250 250 250 250 250 250 250 250 250 250 250 250 250 250 213 247 250 250 250 
217 210 86 244 248 249 242 147 72 82 96 128 101 88 99 63 73 77 65 74 202 103 82 168 200 62 58 168 240 228 73 218 89 126 89 74 51 75 156 63 218 152 104 90 178 241 249 249 249 200 127 198 226 221 249 239 92 77 154 208 233 119 67 51 57 62 37 56 101 80 114 89 57 151 247 248 239 77 72 230 242 147 73 90 98 217 235 153 217 89 62 68 104 247 250 239 153 178 249 249 248 248 248 245 250 250 250 250 250 250 250 250 250 250 250 250 250 250 250 250 250 250 250 239 247 248 249 249 
217 242 142 202 236 213 147 72 90 77 67 87 67 68 67 72 96 99 72 88 63 68 80 168 244 92 86 168 250 240 123 152 73 151 92 73 55 75 200 86 176 103 196 171 196 225 246 225 242 89 111 221 245 239 245 243 226 216 227 235 184 67 67 65 51 49 196 153 57 51 49 75 150 218 223 230 223 88 65 230 155 73 88 98 135 244 238 153 182 62 67 67 218 227 249 230 220 215 230 249 249 249 249 241 249 250 250 250 250 250 250 250 250 250 250 250 250 250 250 250 250 249 250 239 247 248 246 243 
217 248 240 240 248 239 197 102 101 96 99 82 82 72 72 82 96 62 58 58 77 75 93 126 246 156 111 178 250 242 89 72 111 230 156 72 88 158 153 218 191 96 237 209 244 150 226 221 119 58 111 244 239 245 249 243 223 223 225 119 63 72 82 72 55 106 117 72 71 45 55 182 239 242 70 217 220 90 93 74 72 96 110 88 217 242 184 135 155 51 63 67 230 240 242 221 241 226 230 248 249 249 249 243 248 249 250 250 250 249 250 250 250 250 250 250 250 250 250 250 250 249 248 249 248 249 240 245 
217 248 248 249 248 245 239 208 120 96 91 73 102 72 72 82 96 72 93 73 65 74 91 114 243 220 102 178 247 229 82 90 110 230 156 111 150 196 204 223 134 196 223 230 248 232 236 191 51 42 75 247 249 245 249 242 178 156 59 49 57 67 58 73 129 244 235 91 62 73 72 168 250 229 57 168 249 200 172 63 63 88 104 129 208 200 158 244 78 57 58 62 114 249 235 210 202 225 238 249 249 250 249 249 249 249 250 250 250 248 249 250 250 250 250 250 250 250 250 250 250 250 250 249 250 250 249 249 
217 241 241 248 245 241 249 249 233 150 150 56 87 57 90 98 108 108 72 96 112 72 129 118 200 207 183 221 245 156 104 71 168 233 239 107 134 230 80 94 182 223 163 244 239 198 202 54 57 86 182 249 248 239 244 191 72 62 49 56 67 72 57 58 217 223 70 63 72 82 72 126 250 239 77 182 229 70 49 72 67 73 182 226 202 80 126 229 70 63 49 75 175 247 242 147 73 88 230 249 250 249 249 249 249 249 250 250 249 249 249 250 250 250 250 250 250 250 250 250 250 250 250 250 250 250 249 250 
217 248 238 241 245 245 249 249 238 184 223 90 110 90 98 96 145 146 110 107 115 110 126 233 240 233 235 178 229 93 82 104 98 230 249 103 182 237 120 130 207 184 233 184 223 105 54 56 72 182 118 247 249 249 223 103 82 62 57 63 73 208 51 49 168 147 42 56 150 73 131 247 250 250 248 244 191 57 63 67 72 86 233 184 80 86 118 191 72 57 71 86 244 249 147 133 90 88 168 250 250 249 248 249 249 249 248 249 249 249 250 250 250 250 250 250 250 250 250 250 250 250 250 250 250 250 250 250 
217 249 249 248 248 245 249 250 239 220 146 109 108 88 96 136 139 139 102 77 102 128 105 230 249 248 238 241 245 239 151 215 146 178 234 80 74 114 87 135 164 107 230 223 101 62 41 118 156 178 216 249 250 223 70 82 82 82 73 72 151 147 63 62 114 45 36 56 234 82 151 249 250 250 250 191 67 63 67 62 65 196 184 82 82 88 111 247 191 57 73 126 247 242 120 88 98 98 217 249 249 249 243 248 249 249 249 249 249 250 250 250 250 250 250 250 250 250 250 250 250 250 250 250 250 250 250 250 
217 249 249 248 245 245 249 249 250 249 239 208 197 123 102 146 149 120 107 112 102 99 111 230 248 248 238 243 243 249 240 197 108 107 112 110 67 82 75 140 134 218 242 103 108 67 73 52 218 227 200 247 250 220 77 82 82 73 98 63 80 37 56 67 49 37 37 36 58 129 244 250 250 250 229 62 63 72 62 73 75 223 72 111 103 75 154 234 89 67 73 168 247 248 119 58 98 90 217 249 249 249 245 248 248 248 248 249 249 250 249 250 250 250 250 250 250 250 250 250 250 250 250 250 249 250 250 250 
217 248 249 248 245 248 248 249 249 249 243 241 245 248 240 240 240 240 240 233 240 240 232 247 248 245 235 241 245 249 249 245 220 208 244 239 149 120 72 87 138 225 163 125 101 90 70 63 218 182 181 247 250 235 153 72 72 82 96 154 175 95 57 57 51 56 71 57 50 244 250 250 250 246 119 63 63 82 90 129 244 119 67 63 82 118 247 239 150 67 72 86 230 191 62 86 120 111 238 247 250 249 243 248 248 231 246 249 249 249 250 250 250 250 250 250 250 250 250 250 250 250 250 250 249 250 250 250 
217 249 249 248 248 248 248 249 249 248 243 245 248 248 249 242 225 241 241 241 236 241 241 248 248 245 223 237 248 249 249 249 243 238 249 249 232 239 95 131 112 110 128 127 90 80 67 82 217 178 177 247 249 191 72 82 90 80 58 168 229 70 82 62 57 42 42 56 67 230 250 252 250 220 67 57 65 67 175 230 250 89 67 72 135 240 250 250 156 67 65 158 244 153 90 172 70 196 235 152 247 250 243 246 243 213 213 247 249 249 249 249 250 249 250 250 250 250 250 250 250 250 250 250 249 250 249 249 
217 249 248 245 248 248 248 248 249 248 245 248 249 249 249 249 214 178 234 164 105 116 163 230 235 249 171 210 234 248 248 249 245 243 248 245 241 250 220 107 109 101 131 121 70 71 41 59 182 220 111 247 242 89 72 98 88 71 57 118 191 73 73 62 65 45 41 63 49 111 230 250 250 229 51 63 72 56 247 248 242 123 110 72 182 231 250 249 153 82 62 217 242 116 67 63 62 217 248 156 217 250 249 243 231 214 207 230 249 249 249 250 250 250 250 250 250 249 250 250 250 250 250 250 250 249 249 250 
217 249 248 248 248 248 248 248 249 248 248 248 249 249 249 250 239 154 123 135 142 173 164 178 214 237 214 213 233 245 245 249 248 241 248 245 248 242 119 90 101 90 109 121 107 95 65 49 207 206 140 223 116 82 82 107 90 62 68 152 42 88 82 67 90 45 56 57 63 168 217 250 249 89 63 65 95 80 230 250 229 172 91 73 217 242 249 248 150 150 168 244 191 90 51 65 73 217 223 119 100 247 250 248 223 184 230 230 248 248 249 249 250 250 250 250 250 250 250 250 250 250 250 250 250 250 249 249 
217 248 245 248 248 248 248 248 248 248 245 248 249 249 249 249 249 249 249 214 123 129 175 178 225 234 245 235 245 248 241 245 245 238 248 243 249 229 88 98 90 107 98 88 101 158 91 68 114 178 156 88 82 90 80 88 96 103 62 57 49 82 73 88 67 62 56 82 99 111 178 247 239 62 63 73 107 95 226 249 191 51 129 221 238 241 243 249 239 120 182 223 88 52 126 197 125 221 156 57 75 230 250 249 239 161 232 231 247 249 249 249 250 249 250 250 250 249 250 250 250 250 250 250 250 250 250 250 
217 248 245 248 248 248 248 249 248 248 248 249 248 249 249 249 248 248 249 248 226 227 243 239 226 233 242 227 243 243 243 243 248 236 241 248 223 112 96 101 108 107 101 88 82 107 139 65 86 106 157 103 90 98 71 72 72 72 72 65 90 71 88 62 73 62 49 73 108 178 189 247 152 49 72 42 111 203 244 242 89 57 168 178 248 244 248 237 223 103 166 103 62 73 88 172 70 114 239 197 74 217 249 249 243 216 237 229 230 248 249 249 249 250 250 249 249 249 249 250 250 250 250 250 250 250 250 249 
217 248 248 245 245 248 248 248 248 248 248 249 249 249 249 248 248 248 249 243 238 237 248 248 243 243 245 236 238 245 245 248 248 243 241 235 194 174 120 115 109 98 109 108 88 96 138 95 144 138 99 82 102 90 72 63 96 95 73 73 107 67 72 63 96 61 41 96 90 178 223 70 51 73 51 65 144 207 248 191 63 57 74 129 247 250 250 200 70 111 209 98 130 88 102 151 76 118 223 70 63 217 249 245 223 237 245 239 237 248 248 249 249 250 250 249 250 249 249 250 250 250 250 250 250 250 250 250 
217 248 248 245 248 248 248 248 248 248 249 249 249 249 248 248 248 248 248 243 241 245 248 245 245 245 248 245 243 245 245 248 248 243 243 226 186 180 134 108 108 110 134 101 123 123 160 120 131 134 80 56 99 88 88 63 73 82 73 98 96 88 62 90 82 57 75 90 182 229 70 57 57 90 90 93 233 242 155 67 72 41 56 114 247 250 250 229 57 208 214 99 87 67 217 208 116 129 62 57 51 217 248 235 171 247 245 249 248 242 247 249 249 249 250 249 250 250 250 249 249 250 250 250 250 250 249 250 
217 248 248 245 245 248 248 248 249 248 249 249 249 248 248 248 248 245 245 245 245 245 245 245 245 245 248 245 243 245 245 248 245 245 248 248 183 180 127 157 134 134 112 131 174 183 174 120 101 88 51 56 110 96 62 73 96 101 104 98 82 90 96 98 72 161 114 103 111 119 57 72 63 88 182 148 228 116 67 82 82 71 68 67 230 250 249 243 197 228 119 104 95 96 230 223 173 74 89 63 57 168 242 189 208 237 243 248 249 229 230 249 249 249 249 249 249 249 249 249 249 250 250 250 250 250 249 250 
217 248 245 245 245 245 248 248 248 249 249 249 248 248 248 248 245 245 245 245 245 248 245 248 245 245 248 245 241 245 245 245 243 245 248 248 226 194 128 137 101 82 104 169 201 183 159 120 129 207 71 73 88 90 67 90 107 103 101 98 98 88 67 73 90 105 161 165 182 92 57 58 86 77 126 214 239 150 82 82 72 71 95 50 217 249 241 248 249 239 153 107 116 74 223 62 86 118 191 62 56 168 191 168 225 245 249 248 248 242 224 248 248 249 249 245 249 249 249 249 250 250 250 250 250 250 250 250 
217 248 248 245 245 243 243 248 248 245 248 248 248 248 248 248 245 245 245 245 248 248 245 248 248 245 248 245 243 245 245 245 243 241 248 249 229 159 107 182 192 176 192 174 177 159 140 112 88 182 63 72 96 82 107 101 98 108 108 108 98 104 99 96 108 88 158 247 223 54 63 63 111 170 233 239 246 119 65 72 86 106 147 102 218 247 248 242 247 231 153 98 72 74 247 220 102 62 58 45 66 89 67 74 88 230 249 249 243 242 221 249 248 249 249 248 249 250 249 250 250 250 250 250 250 250 250 250 
217 248 248 248 248 248 248 248 245 245 245 248 248 248 248 248 245 245 245 248 248 245 245 248 248 243 248 245 245 245 245 245 243 241 248 249 239 165 118 237 204 183 169 145 185 197 127 139 67 172 77 67 98 107 108 96 108 109 125 98 109 115 123 146 112 129 187 237 119 73 90 62 75 220 202 247 191 82 104 106 96 189 92 217 233 244 249 239 228 228 119 151 150 75 247 239 208 150 68 90 63 71 77 98 96 178 248 249 248 249 243 242 247 249 250 249 249 249 249 250 250 250 250 250 250 250 250 250 
217 248 248 248 248 248 248 248 248 248 248 248 248 248 245 245 245 245 248 245 248 248 248 248 248 241 245 241 247 245 245 245 243 243 248 245 242 189 175 226 216 171 110 133 140 230 183 91 86 62 73 72 82 96 107 127 110 161 174 159 107 146 169 189 216 224 233 223 73 130 88 104 151 240 200 230 239 208 173 137 129 223 142 233 249 249 242 230 224 197 175 221 239 154 247 249 234 147 90 62 57 73 80 96 104 178 249 250 249 248 248 220 230 249 249 249 249 249 249 249 250 250 250 250 250 250 250 250 
217 248 248 245 248 248 248 245 248 248 248 248 245 248 245 245 245 245 245 245 248 248 248 248 248 241 238 236 237 245 245 245 245 245 248 248 239 237 238 231 200 145 115 104 121 178 239 197 109 90 115 72 90 107 136 125 146 167 185 189 192 226 219 190 178 219 246 147 104 125 135 196 232 245 220 230 238 224 171 110 196 200 182 249 248 249 239 236 227 200 221 244 249 248 237 249 208 208 233 91 72 90 72 86 129 244 248 249 249 249 249 248 226 248 249 249 249 249 250 249 250 250 250 250 250 250 250 250 
217 248 248 248 245 248 245 248 248 248 248 248 248 248 245 248 248 248 248 245 248 248 245 248 248 245 238 227 231 241 245 245 243 245 245 241 248 243 238 209 134 132 115 109 86 178 225 214 175 161 134 96 135 159 175 216 216 203 221 224 224 227 219 189 197 200 116 72 131 182 232 236 236 241 210 243 231 221 188 215 226 93 196 249 249 249 248 236 227 165 221 243 249 242 237 249 249 238 202 82 82 72 73 178 140 230 243 250 249 249 249 242 237 240 248 249 249 249 249 250 250 250 250 250 250 250 250 250 
217 245 245 248 248 245 248 248 248 248 248 248 248 248 245 248 245 248 248 248 248 248 245 248 248 245 248 231 227 241 245 245 248 245 245 243 248 238 227 209 159 139 125 175 216 195 212 226 232 226 197 175 226 226 232 236 227 219 219 219 221 231 224 226 173 88 49 72 158 230 240 238 232 243 238 238 223 178 209 224 227 239 244 249 249 249 235 213 194 224 202 247 248 245 248 245 249 239 71 72 90 104 102 87 104 230 248 249 249 249 249 239 233 248 248 249 249 249 249 249 250 250 250 250 250 250 250 250 
217 245 245 248 245 245 245 245 245 248 248 248 248 248 245 248 245 248 248 245 245 245 245 245 248 245 248 248 243 245 245 245 248 248 248 245 248 243 227 209 189 180 175 226 224 224 226 236 238 238 232 232 236 232 238 231 212 205 209 186 204 153 105 225 239 156 63 104 187 226 231 225 245 245 232 238 226 216 226 221 238 238 237 249 249 248 223 177 204 200 70 230 249 248 248 248 249 229 71 73 107 187 120 96 102 217 249 249 249 249 249 249 248 249 248 249 248 248 249 249 250 250 250 250 250 250 250 250 
217 245 248 245 245 245 245 245 245 248 248 248 248 248 248 245 248 248 248 245 248 245 245 248 248 245 248 248 245 245 248 245 245 248 248 245 248 245 236 227 226 226 236 227 232 232 236 241 241 238 238 236 236 238 241 232 224 201 201 185 165 189 192 237 245 119 73 102 111 225 223 221 245 248 231 227 221 224 230 227 227 223 224 247 250 248 153 161 173 62 51 168 248 249 248 245 249 119 63 96 158 89 73 175 87 178 249 250 249 249 248 249 249 249 249 249 248 244 248 249 249 250 250 250 250 250 249 250 
217 248 245 243 245 245 245 245 245 245 248 245 248 248 248 248 248 245 248 248 248 248 248 248 248 245 245 245 248 245 245 245 245 245 248 248 245 248 238 236 236 236 236 232 232 237 238 241 241 238 236 232 236 238 241 238 236 226 226 224 225 228 207 232 223 73 129 117 175 189 184 230 248 243 223 219 221 232 226 225 237 209 232 247 250 242 110 182 197 123 106 233 249 249 248 248 191 63 82 88 59 49 96 116 58 114 249 248 250 249 248 249 249 248 248 248 245 249 249 249 249 250 250 250 250 250 250 250 
217 245 245 245 245 245 245 245 248 245 248 248 248 248 248 248 248 248 248 248 248 248 248 248 248 245 248 245 248 245 245 248 248 248 248 245 245 248 243 238 241 238 238 236 241 241 241 241 238 238 238 238 238 243 241 241 238 241 226 209 187 184 182 242 70 73 96 202 230 224 142 221 248 241 209 221 226 227 236 232 231 183 236 245 249 191 134 198 188 240 176 247 250 249 248 191 62 73 88 57 36 63 45 50 67 74 230 248 250 249 235 249 249 245 248 241 245 248 242 248 249 249 250 250 250 250 250 250 
217 245 245 245 245 248 245 248 248 248 248 248 248 248 248 248 248 248 248 248 248 248 248 248 248 248 248 248 248 248 245 248 245 245 245 245 245 245 243 241 243 241 241 241 241 241 241 241 241 243 241 241 238 238 238 238 236 241 238 223 224 119 96 184 73 158 159 161 221 184 125 230 245 231 193 221 213 231 219 241 231 178 248 249 242 103 105 194 221 248 235 237 249 249 223 70 82 88 73 71 65 42 41 72 42 57 151 230 250 249 235 230 249 248 243 241 245 248 239 237 248 249 250 250 250 250 249 250 
217 245 245 245 248 248 248 248 248 248 248 248 248 248 248 248 248 248 248 248 248 248 248 248 248 248 248 248 248 248 248 248 248 245 243 245 245 245 243 243 243 243 243 243 243 243 241 243 243 243 241 243 238 237 238 231 236 247 225 226 221 197 208 123 182 183 174 182 223 138 192 244 237 236 224 219 226 221 231 241 237 194 237 249 229 158 216 232 227 245 243 249 249 242 89 82 82 45 63 73 80 49 65 51 57 68 182 227 249 249 245 244 249 248 235 227 241 248 248 248 249 249 249 249 249 249 250 249 
217 245 248 248 248 248 248 248 248 248 248 248 248 248 248 248 248 248 248 248 248 248 248 248 248 248 248 245 248 248 248 248 248 248 243 245 245 243 241 243 243 241 243 243 241 243 243 243 243 243 243 243 241 238 231 224 221 240 148 230 241 183 230 197 221 173 164 196 147 135 196 230 224 238 231 214 221 214 230 238 241 226 237 248 194 233 216 232 238 245 248 248 250 229 72 72 67 63 65 72 62 41 58 73 67 77 168 240 244 249 248 249 249 242 184 105 178 247 248 249 249 249 249 249 249 249 249 249 
217 248 248 248 248 248 248 248 248 248 248 248 248 248 248 248 248 248 248 248 248 248 248 248 248 248 248 248 248 248 248 248 248 248 245 245 245 243 243 241 243 243 243 243 241 241 243 243 243 241 243 241 241 241 214 181 197 230 148 188 237 204 232 235 231 183 169 183 183 216 221 227 221 238 232 223 227 238 237 243 232 226 237 242 178 231 231 232 245 243 249 248 223 116 82 72 82 73 80 62 42 58 41 63 51 104 129 249 249 223 155 178 243 184 90 100 168 244 223 230 249 248 249 249 249 249 249 249 
217 248 248 248 248 248 248 249 248 248 248 248 248 248 248 248 248 248 248 248 248 248 248 248 248 248 248 248 248 248 248 248 248 248 248 245 245 243 238 241 243 243 243 243 241 243 243 243 241 241 241 241 238 231 241 226 233 242 116 164 189 189 221 235 224 183 196 194 193 232 236 236 232 238 238 239 198 231 231 245 238 240 248 223 196 241 243 243 241 245 245 229 82 72 82 73 82 62 63 57 49 57 65 51 41 74 225 247 249 197 129 188 223 103 88 49 168 242 70 158 247 249 249 249 249 249 249 249 
217 248 248 248 248 248 248 249 248 248 248 248 248 248 248 248 248 248 248 248 248 248 248 248 248 248 248 248 248 248 248 248 248 248 248 248 245 243 238 241 241 245 245 243 241 241 243 243 243 241 241 236 232 209 221 238 247 249 220 175 165 185 221 231 219 198 227 232 232 224 236 232 231 237 231 245 231 232 238 245 238 248 248 194 227 237 241 241 240 248 249 223 73 88 82 82 80 57 67 55 63 63 71 51 58 49 114 246 249 249 189 200 87 82 77 51 126 191 73 178 248 249 249 249 249 249 249 249 
217 248 248 248 248 248 248 248 248 248 248 248 249 249 248 248 248 248 248 245 248 248 245 248 248 248 248 248 248 248 248 248 248 248 248 248 243 245 245 245 243 245 245 243 245 243 245 245 243 241 243 236 224 209 187 237 245 248 241 237 238 232 240 226 204 216 232 237 238 238 231 236 236 238 238 245 235 237 232 241 239 245 242 178 232 232 241 248 245 249 249 229 103 108 90 88 57 96 106 99 63 63 57 49 63 51 57 118 247 250 223 103 88 51 68 86 151 89 82 72 230 248 249 249 248 248 246 248 
217 248 249 248 248 248 248 248 248 248 248 248 248 249 248 248 248 248 248 248 248 248 245 245 248 248 248 248 248 248 248 248 248 248 248 243 248 248 248 245 245 243 243 243 245 243 245 245 243 243 238 241 226 227 226 238 245 245 238 241 243 243 243 236 226 232 238 241 241 238 232 236 236 241 236 245 238 227 243 243 237 248 223 221 241 245 235 247 248 249 242 147 110 115 139 110 98 101 137 93 63 63 88 63 67 58 63 74 247 250 150 96 134 90 110 157 187 51 51 49 217 246 249 249 245 225 232 245 
217 245 245 248 248 248 248 248 248 248 248 248 249 248 248 248 248 248 248 248 248 248 245 245 248 248 248 248 248 248 248 248 248 248 248 243 245 245 248 248 243 237 243 241 245 243 243 245 243 243 243 236 219 237 236 238 245 241 243 243 243 243 241 236 236 237 241 241 243 241 243 241 241 238 231 241 235 224 237 245 241 242 214 219 237 240 242 237 245 242 194 157 159 101 115 112 98 96 101 104 106 110 77 67 77 65 72 57 217 252 239 102 101 98 109 128 218 63 51 56 168 147 230 248 235 184 230 248 
217 245 245 238 241 245 248 248 248 248 248 248 248 248 248 248 248 248 248 248 248 248 245 248 248 248 248 248 248 248 248 248 248 248 248 248 245 243 245 248 240 243 243 243 243 248 241 245 243 243 243 243 216 227 236 238 241 243 245 245 241 241 238 238 238 241 241 241 243 243 243 243 243 241 227 247 235 226 241 245 245 242 227 226 224 237 241 248 245 248 242 149 132 135 161 149 108 110 110 146 169 169 139 90 101 88 67 57 114 250 242 120 108 98 101 88 218 77 67 62 111 123 230 242 164 182 244 245 
217 238 243 243 243 245 245 245 245 248 248 245 245 248 248 248 248 248 248 248 248 248 245 248 248 248 248 248 248 248 248 248 248 248 248 248 248 243 241 241 245 248 248 241 245 245 243 245 245 243 243 245 226 232 236 241 243 243 245 243 241 238 238 237 243 241 243 243 243 243 243 243 245 243 241 237 238 241 241 245 245 235 224 232 226 238 230 241 248 248 248 226 209 161 175 221 216 159 127 136 136 128 112 106 134 82 77 62 56 230 229 128 110 99 80 73 230 150 77 77 151 226 244 223 103 90 230 249 
217 236 237 237 245 245 245 245 245 245 245 245 245 248 248 248 248 248 248 248 248 248 245 245 245 248 245 248 248 248 248 248 248 248 248 248 248 248 241 237 245 245 248 245 245 248 243 241 245 245 245 248 245 241 238 243 243 243 245 243 241 241 238 238 241 241 243 243 243 243 243 245 243 243 243 243 243 241 243 245 243 238 227 227 236 236 221 245 245 248 248 235 186 219 219 227 227 183 132 125 146 146 139 127 112 90 120 93 65 114 147 115 143 149 91 63 178 239 208 208 216 225 184 103 98 131 230 249 
217 241 243 245 245 245 245 245 245 245 248 245 248 248 248 248 248 248 248 248 248 248 245 248 248 248 248 248 248 248 248 248 248 248 248 248 248 248 248 240 238 245 245 241 245 248 241 243 245 245 243 245 243 243 241 243 243 243 243 241 241 241 241 241 241 241 243 243 243 243 243 243 245 245 245 243 243 241 245 248 243 237 243 240 238 236 221 243 245 248 242 184 131 204 204 224 232 226 183 146 157 159 157 157 167 167 167 120 98 90 98 125 131 132 90 106 182 248 237 236 223 116 98 107 93 98 168 249 
217 243 243 245 245 245 245 245 245 245 245 245 248 248 248 248 248 248 248 248 248 248 248 248 248 248 248 248 248 248 248 248 248 248 248 248 248 248 248 248 239 230 245 245 245 248 243 243 243 245 243 243 245 243 241 241 243 243 243 241 241 241 243 243 243 243 245 243 243 243 243 243 245 245 245 245 243 241 243 243 243 240 238 245 248 240 232 243 248 248 223 149 175 208 216 224 232 236 209 159 134 128 101 131 137 157 137 139 123 132 108 125 125 138 146 146 230 243 232 200 108 107 108 110 143 107 158 230 
217 243 243 245 245 245 245 245 245 245 248 245 245 245 245 248 248 248 248 248 245 245 248 248 248 248 248 248 248 248 248 248 248 248 248 245 245 245 248 248 248 248 248 248 245 245 243 243 243 243 243 243 243 243 241 243 243 241 243 241 241 241 241 241 243 241 243 243 243 245 243 243 245 245 245 245 245 241 241 243 241 241 243 245 248 248 245 243 245 248 243 240 231 237 223 219 224 225 194 159 112 108 108 107 135 125 127 107 131 135 208 208 192 215 226 216 221 236 237 226 197 110 98 132 128 101 131 221 
217 245 248 245 245 248 248 248 245 245 245 245 245 245 245 248 248 248 248 245 243 245 245 245 248 248 248 248 248 248 248 248 248 248 245 245 245 245 245 248 248 248 248 248 248 245 243 243 243 243 243 243 243 241 241 241 241 241 243 241 241 241 241 241 243 243 243 243 243 243 243 243 245 245 245 245 245 241 241 241 241 243 243 241 245 248 248 248 248 248 248 248 248 243 240 236 194 187 216 208 175 175 208 233 224 127 149 175 226 236 245 242 212 231 227 209 221 231 236 236 239 150 123 138 110 125 161 221 
217 248 248 248 248 248 245 248 245 245 245 245 245 245 245 248 248 248 248 243 243 243 243 245 245 245 248 248 248 245 245 248 245 245 245 245 245 245 245 248 245 248 248 248 248 245 243 243 241 241 243 243 241 241 241 241 241 241 241 241 241 241 241 243 243 243 243 243 243 245 243 245 245 245 245 245 245 243 241 241 238 241 243 243 245 245 245 248 248 248 248 248 248 248 245 236 236 241 243 243 243 231 232 237 238 226 203 216 232 241 237 242 198 237 237 226 219 232 231 230 241 241 226 159 112 158 185 240 
217 222 222 222 222 222 222 222 222 222 222 222 222 222 222 222 222 222 222 222 222 222 222 222 222 222 222 222 222 222 222 222 234 234 234 234 222 222 222 222 222 222 222 222 222 222 222 222 222 222 222 222 222 222 222 234 234 222 222 234 234 234 234 234 222 222 222 222 222 222 222 222 222 222 222 222 222 222 222 222 222 222 222 222 222 222 222 222 222 222 222 222 222 222 222 222 234 234 234 222 222 222 222 222 222 222 172 202 222 222 222 222 178 222 222 202 222 234 222 222 222 222 222 139 121 144 172 202 
